2.517705739862253133e-04
8.043040108166735007e-05
4.051720318709810904e-04
6.404929478107996730e-04
9.418116537926813150e-04
1.317952238465430834e-03
1.778451815398119588e-03
2.333363065406551026e-03
2.993037178226804883e-03
3.767870111565478630e-03
4.668001809140784504e-03
5.702962210950653435e-03
6.881261147660366201e-03
8.209922376756030593e-03
9.693965500481988018e-03
1.133584350002789752e-02
1.313484819938134061e-02
1.508650111655121182e-02
1.718195276402457311e-02
1.940741932669448958e-02
2.174369147462139329e-02
2.416570905242860015e-02
2.664197672432804323e-02
2.913447720251755024e-02
3.159922568430100637e-02
3.398681462116770469e-02
3.624330273637872690e-02
3.831147609422492356e-02
4.013249210439014808e-02
4.159637878626963603e-02
4.230607631028669713e-02
4.258967688846110322e-02
4.242788623856912078e-02
4.181409181602237929e-02
4.075535113456896230e-02
3.927276013005569916e-02
3.740112310810159851e-02
3.518788814266339549e-02
3.269136262462772613e-02
2.997827929341216266e-02
2.712083864739320629e-02
2.419340346943568698e-02
2.126905947631475835e-02
1.841627749894435284e-02
1.569591315434769319e-02
1.315875779190390192e-02
1.084381033391739260e-02
8.777377102513512705e-03
6.973032131491796286e-03
5.432392135489644974e-03
4.146587548490775557e-03
3.098252769472066483e-03
2.263822098584659069e-03
1.615906952881520069e-03
1.125545211502892821e-03
7.641514982244201849e-04
5.050511506487980829e-04
3.245417954306424363e-04
2.024856466968753008e-04
1.224848613301336969e-04
7.172603089274255791e-05
4.059593112213203423e-05
2.217001526078922062e-05
1.166145544080440962e-05
5.896914997751061053e-06
2.861002516210761309e-06
1.328983755113510616e-06
5.897440666193428855e-07
2.494183382396286638e-07
1.002841920499600363e-07
3.823224240650932810e-08
1.378175688729824219e-08
4.683450756739259886e-09
1.495688360153636149e-09
4.473711511640457619e-10
1.248781714410031463e-10
3.240625152991713117e-11
7.785868780619618223e-12
1.724249551866948855e-12
3.502972160913572399e-13
6.494951251391771489e-14
1.092907815019774142e-14
1.658834992050038143e-15
2.255905224460535873e-16
2.728480954047944422e-17
2.910925257731595351e-18
2.714262877667795843e-19
2.189105176105422757e-20
1.509113918456750553e-21
8.771416144861459830e-23
4.230083747004940079e-24
1.660664618965733995e-25
5.185999246532690543e-27
1.251821832292594780e-28
2.251575850672666059e-30
2.874231225191432954e-32
2.432875006728081028e-34
1.233025731514475526e-36
3.153558803986074614e-39
2.869882237019919153e-42
2.869882237019867509e-46
-0.000000000000000000e+00
-0.000000000000000000e+00
-0.000000000000000000e+00
-0.000000000000000000e+00
-0.000000000000000000e+00
-0.000000000000000000e+00
-0.000000000000000000e+00
-0.000000000000000000e+00
-0.000000000000000000e+00
-0.000000000000000000e+00
-0.000000000000000000e+00
-0.000000000000000000e+00
-0.000000000000000000e+00
-0.000000000000000000e+00
-0.000000000000000000e+00
-0.000000000000000000e+00
-0.000000000000000000e+00
-0.000000000000000000e+00
-0.000000000000000000e+00
-0.000000000000000000e+00
-0.000000000000000000e+00
-0.000000000000000000e+00
-0.000000000000000000e+00
-0.000000000000000000e+00
-0.000000000000000000e+00
-0.000000000000000000e+00
-0.000000000000000000e+00
-0.000000000000000000e+00
-0.000000000000000000e+00
-0.000000000000000000e+00
-0.000000000000000000e+00
-0.000000000000000000e+00
-0.000000000000000000e+00
-0.000000000000000000e+00
-0.000000000000000000e+00
-0.000000000000000000e+00
-0.000000000000000000e+00
-0.000000000000000000e+00
-0.000000000000000000e+00
-0.000000000000000000e+00
-0.000000000000000000e+00
-0.000000000000000000e+00
-0.000000000000000000e+00
-0.000000000000000000e+00
-0.000000000000000000e+00
-0.000000000000000000e+00
-0.000000000000000000e+00
-0.000000000000000000e+00
-0.000000000000000000e+00
-0.000000000000000000e+00
-0.000000000000000000e+00
-0.000000000000000000e+00
-0.000000000000000000e+00
-0.000000000000000000e+00
-0.000000000000000000e+00
-0.000000000000000000e+00
-0.000000000000000000e+00
-0.000000000000000000e+00
-0.000000000000000000e+00
-0.000000000000000000e+00
-0.000000000000000000e+00
-0.000000000000000000e+00
-0.000000000000000000e+00
-0.000000000000000000e+00
-0.000000000000000000e+00
-0.000000000000000000e+00
-0.000000000000000000e+00
-0.000000000000000000e+00
-0.000000000000000000e+00
-0.000000000000000000e+00
-0.000000000000000000e+00
-0.000000000000000000e+00
-0.000000000000000000e+00
-0.000000000000000000e+00
-0.000000000000000000e+00
-0.000000000000000000e+00
-0.000000000000000000e+00
-0.000000000000000000e+00
-0.000000000000000000e+00
-0.000000000000000000e+00
-0.000000000000000000e+00
-0.000000000000000000e+00
-0.000000000000000000e+00
-0.000000000000000000e+00
-0.000000000000000000e+00
-0.000000000000000000e+00
-0.000000000000000000e+00
-0.000000000000000000e+00
-0.000000000000000000e+00
-0.000000000000000000e+00
-0.000000000000000000e+00
-0.000000000000000000e+00
-0.000000000000000000e+00
-0.000000000000000000e+00
-0.000000000000000000e+00
-0.000000000000000000e+00
-0.000000000000000000e+00
-0.000000000000000000e+00
-0.000000000000000000e+00
