1.97806
1.37696
1.03456
0.817414
0.669208
0.562453
0.482298
0.420092
0.370498
0.33007
0.296494
0.268166
0.243945
0.222995
0.204694
0.188567
0.174248
0.161449
0.149939
0.139533
0.13008
0.121456
0.113557
0.106295
0.0995985
0.0934037
0.0876574
0.0823135
0.0773318
0.0726777
-0.0701806
-0.0700052
-0.0698302
-0.0696556
-0.0694815
-0.0693078
-0.0691345
-0.0689617
-0.0687893
-0.0686173
-0.0684457
-0.0682746
-0.0681039
-0.0679337
-0.0677638
-0.0675944
-0.0674254
-0.0672569
-0.0670887
-0.066921
-0.0667537
-0.0665868
-0.0664204
-0.0662543
-0.0660887
-0.0659235
-0.0657586
-0.0655943
-0.0654303
-0.0652667
-0.0651035
-0.0649408
-0.0647784
-0.0646165
-0.0644549
-0.0642938
-0.0641331
-0.0639727
-0.0638128
-0.0636533
-0.0634941
-0.0633354
-0.0631771
-0.0630191
-0.0628616
-0.0627044
-0.0625476
-0.0623913
-0.0622353
-0.0620797
-0.0619245
-0.0617697
-0.0616153
-0.0614612
-0.0613076
-0.0611543
-0.0610014
-0.0608489
-0.0606968
-0.0605451
-0.0603937
-0.0602427
-0.0600921
-0.0599419
-0.059792
-0.0596425
-0.0594934
-0.0593447
-0.0591963
-0.0590484
-0.0589007
-0.0587535
-0.0586066
-0.0584601
-0.0583139
-0.0581681
-0.0580227
-0.0578777
-0.057733
-0.0575886
-0.0574447
-0.0573011
-0.0571578
-0.0570149
-0.0568724
-0.0567302
-0.0565884
-0.0564469
-0.0563058
-0.056165
-0.0560246
-0.0558845
-0.0557448
-0.0556055
-0.0554665
-0.0553278
-0.0551895
-0.0550515
-0.0549139
-0.0547766
-0.0546396
-0.054503
-0.0543668
-0.0542309
-0.0540953
-0.05396
-0.0538251
-0.0536906
-0.0535564
-0.0534225
-0.0532889
-0.0531557
-0.0530228
-0.0528902
-0.052758
-0.0526261
-0.0524946
-0.0523633
-0.0522324
-0.0521018
-0.0519716
-0.0518416
-0.051712
-0.0515828
-0.0514538
-0.0513252
-0.0511969
-0.0510689
-0.0509412
-0.0508138
-0.0506868
-0.0505601
-0.0504337
-0.0503076
-0.0501818
-0.0500564
-0.0499312
-0.0498064
-0.0496819
-0.0495577
-0.0494338
-0.0493102
-0.0491869
-0.049064
-0.0489413
-0.048819
-0.0486969
-0.0485752
-0.0484537
-0.0483326
-0.0482118
-0.0480912
-0.047971
-0.0478511
-0.0477315
-0.0476121
-0.0474931
-0.0473744
-0.0472559
-0.0471378
-0.0470199
-0.0469024
-0.0467851
-0.0466682
-0.0465515
-0.0464351
-0.046319
-0.0462032
-0.0460877
-0.0459725
-0.0458576
-0.0457429
-0.0456286
-0.0455145
-0.0454007
-0.0452872
-0.045174
-0.0450611
-0.0449484
-0.044836
-0.0447239
-0.0446121
-0.0445006
-0.0443894
-0.0442784
-0.0441677
-0.0440573
-0.0439471
-0.0438373
-0.0437277
-0.0436183
-0.0435093
-0.0434005
-0.043292
-0.0431838
-0.0430758
-0.0429681
-0.0428607
-0.0427536
-0.0426467
-0.04254
-0.0424337
-0.0423276
-0.0422218
-0.0421162
-0.0420109
-0.0419059
-0.0418011
-0.0416966
-0.0415924
-0.0414884
-0.0413847
-0.0412812
-0.041178
-0.041075
-0.0409723
-0.0408699
-0.0407677
-0.0406657
-0.0405641
-0.0404626
-0.0403615
-0.0402605
-0.0401599
-0.0400594
-0.0399593
-0.0398593
-0.0397596
-0.0396602
-0.039561
-0.0394621
-0.0393634
-0.0392649
-0.0391667
-0.0390687
-0.038971
-0.0388735
-0.0387763
-0.0386793
-0.0385825
-0.0384859
-0.0383896
-0.0382936
-0.0381977
-0.0381021
-0.0380068
-0.0379116
-0.0378167
-0.037722
-0.0376276
-0.0375334
-0.0374394
-0.0373456
-0.0372521
-0.0371588
-0.0370657
-0.0369728
-0.0368801
-0.0367877
-0.0366955
-0.0366035
-0.0365117
-0.0364202
-0.0363288
-0.0362377
-0.0361468
-0.0360561
-0.0359656
-0.0358753
-0.0357852
-0.0356953
-0.0356057
-0.0355162
-0.035427
-0.035338
-0.0352491
-0.0351605
-0.0350721
-0.0349838
-0.0348958
-0.034808
-0.0347204
-0.0346329
-0.0345457
-0.0344587
-0.0343718
-0.0342852
-0.0341987
-0.0341125
-0.0340264
-0.0339406
-0.0338549
-0.0337694
-0.0336841
-0.033599
-0.0335141
-0.0334293
-0.0333448
-0.0332604
-0.0331762
-0.0330922
-0.0330084
-0.0329248
-0.0328414
-0.0327581
-0.0326751
-0.0325922
-0.0325095
-0.032427
-0.0323446
-0.0322625
-0.0321805
-0.0320987
-0.0320171
-0.0319357
-0.0318544
-0.0317733
-0.0316924
-0.0316117
-0.0315312
-0.0314508
-0.0313706
-0.0312906
-0.0312108
-0.0311311
-0.0310517
-0.0309724
-0.0308933
-0.0308143
-0.0307356
-0.030657
-0.0305786
-0.0305003
-0.0304223
-0.0303444
-0.0302667
-0.0301892
-0.0301118
-0.0300347
-0.0299577
-0.0298809
-0.0298042
-0.0297277
-0.0296514
-0.0295753
-0.0294994
-0.0294236
-0.029348
-0.0292726
-0.0291974
-0.0291223
-0.0290475
-0.0289727
-0.0288982
-0.0288238
-0.0287497
-0.0286757
-0.0286018
-0.0285282
-0.0284547
-0.0283814
-0.0283082
-0.0282353
-0.0281625
-0.0280899
-0.0280174
-0.0279452
-0.0278731
-0.0278012
-0.0277294
-0.0276579
-0.0275865
-0.0275152
-0.0274442
-0.0273733
-0.0273026
-0.0272321
-0.0271617
-0.0270915
-0.0270215
-0.0269517
-0.026882
-0.0268125
-0.0267432
-0.026674
-0.026605
-0.0265362
-0.0264675
-0.026399
-0.0263307
-0.0262626
-0.0261946
-0.0261268
-0.0260592
-0.0259917
-0.0259244
-0.0258572
-0.0257903
-0.0257234
-0.0256568
-0.0255903
-0.025524
-0.0254579
-0.0253919
-0.0253261
-0.0252604
-0.0251949
-0.0251296
-0.0250644
-0.0249994
-0.0249346
-0.0248699
-0.0248054
-0.024741
-0.0246768
-0.0246128
-0.0245489
-0.0244852
-0.0244216
-0.0243582
-0.024295
-0.0242319
-0.024169
-0.0241062
-0.0240436
-0.0239811
-0.0239188
-0.0238567
-0.0237947
-0.0237329
-0.0236712
-0.0236097
-0.0235483
-0.0234871
-0.023426
-0.0233651
-0.0233043
-0.0232437
-0.0231833
-0.023123
-0.0230628
-0.0230028
-0.0229429
-0.0228832
-0.0228237
-0.0227643
-0.022705
-0.0226459
-0.0225869
-0.0225281
-0.0224694
-0.0224109
-0.0223525
-0.0222943
-0.0222362
-0.0221783
-0.0221205
-0.0220628
-0.0220053
-0.0219479
-0.0218907
-0.0218336
-0.0217767
-0.0217199
-0.0216632
-0.0216067
-0.0215503
-0.0214941
-0.021438
-0.021382
-0.0213262
-0.0212705
-0.021215
-0.0211596
-0.0211043
-0.0210492
-0.0209942
-0.0209393
-0.0208846
-0.02083
-0.0207756
-0.0207213
-0.0206671
-0.0206131
-0.0205592
-0.0205054
-0.0204518
-0.0203983
-0.0203449
-0.0202916
-0.0202385
-0.0201856
-0.0201327
-0.02008
-0.0200274
-0.019975
-0.0199227
-0.0198705
-0.0198184
-0.0197665
-0.0197147
-0.019663
-0.0196114
-0.01956
-0.0195087
-0.0194576
-0.0194065
-0.0193556
-0.0193048
-0.0192542
-0.0192036
-0.0191532
-0.0191029
-0.0190528
-0.0190028
-0.0189528
-0.0189031
-0.0188534
-0.0188039
-0.0187544
-0.0187051
-0.018656
-0.0186069
-0.018558
-0.0185092
-0.0184605
-0.0184119
-0.0183635
-0.0183151
-0.0182669
-0.0182188
-0.0181709
-0.018123
-0.0180753
-0.0180277
-0.0179802
-0.0179328
-0.0178855
-0.0178384
-0.0177914
-0.0177445
-0.0176977
-0.017651
-0.0176044
-0.017558
-0.0175116
-0.0174654
-0.0174193
-0.0173733
-0.0173274
-0.0172817
-0.017236
-0.0171905
-0.017145
-0.0170997
-0.0170545
-0.0170094
-0.0169645
-0.0169196
-0.0168748
-0.0168302
-0.0167856
-0.0167412
-0.0166969
-0.0166527
-0.0166086
-0.0165646
-0.0165207
-0.016477
-0.0164333
-0.0163897
-0.0163463
-0.016303
-0.0162597
-0.0162166
-0.0161736
-0.0161307
-0.0160879
-0.0160452
-0.0160026
-0.0159601
-0.0159177
-0.0158754
-0.0158332
-0.0157911
-0.0157492
-0.0157073
-0.0156656
-0.0156239
-0.0155823
-0.0155409
-0.0154995
-0.0154583
-0.0154171
-0.0153761
-0.0153351
-0.0152943
-0.0152536
-0.0152129
-0.0151724
-0.0151319
-0.0150916
-0.0150514
-0.0150112
-0.0149712
-0.0149312
-0.0148914
-0.0148516
-0.014812
-0.0147725
-0.014733
-0.0146936
-0.0146544
-0.0146152
-0.0145762
-0.0145372
-0.0144983
-0.0144596
-0.0144209
-0.0143823
-0.0143438
-0.0143054
-0.0142671
-0.0142289
-0.0141908
-0.0141528
-0.0141149
-0.014077
-0.0140393
-0.0140017
-0.0139641
-0.0139267
-0.0138893
-0.0138521
-0.0138149
-0.0137778
-0.0137408
-0.0137039
-0.0136671
-0.0136304
-0.0135937
-0.0135572
-0.0135208
-0.0134844
-0.0134481
-0.013412
-0.0133759
-0.0133399
-0.013304
-0.0132682
-0.0132324
-0.0131968
-0.0131612
-0.0131258
-0.0130904
-0.0130551
-0.0130199
-0.0129848
-0.0129498
-0.0129148
-0.01288
-0.0128452
-0.0128105
-0.0127759
-0.0127414
-0.012707
-0.0126727
-0.0126384
-0.0126043
-0.0125702
-0.0125362
-0.0125023
-0.0124684
-0.0124347
-0.012401
-0.0123674
-0.012334
-0.0123005
-0.0122672
-0.012234
-0.0122008
-0.0121677
-0.0121347
-0.0121018
-0.012069
-0.0120362
-0.0120036
-0.011971
-0.0119385
-0.011906
-0.0118737
-0.0118414
-0.0118093
-0.0117772
-0.0117451
-0.0117132
-0.0116813
-0.0116495
-0.0116178
-0.0115862
-0.0115547
-0.0115232
-0.0114918
-0.0114605
-0.0114293
-0.0113981
-0.011367
-0.011336
-0.0113051
-0.0112743
-0.0112435
-0.0112128
-0.0111822
-0.0111517
-0.0111212
-0.0110908
-0.0110605
-0.0110303
-0.0110001
-0.01097
-0.01094
-0.0109101
-0.0108802
-0.0108505
-0.0108208
-0.0107911
-0.0107616
-0.0107321
-0.0107027
-0.0106734
-0.0106441
-0.0106149
-0.0105858
-0.0105568
-0.0105278
-0.0104989
-0.0104701
-0.0104413
-0.0104127
-0.0103841
-0.0103555
-0.0103271
-0.0102987
-0.0102704
-0.0102421
-0.0102139
-0.0101858
-0.0101578
-0.0101299
-0.010102
-0.0100741
-0.0100464
-0.0100187
-0.00999112
-0.00996358
-0.00993611
-0.00990872
-0.00988139
-0.00985413
-0.00982694
-0.00979982
-0.00977277
-0.00974579
-0.00971887
-0.00969203
-0.00966525
-0.00963854
-0.0096119
-0.00958533
-0.00955882
-0.00953239
-0.00950602
-0.00947971
-0.00945348
-0.00942731
-0.00940121
-0.00937517
-0.00934921
-0.0093233
-0.00929747
-0.0092717
-0.009246
-0.00922036
-0.00919479
-0.00916928
-0.00914384
-0.00911847
-0.00909316
-0.00906791
-0.00904273
-0.00901762
-0.00899257
-0.00896758
-0.00894266
-0.0089178
-0.00889301
-0.00886828
-0.00884361
-0.00881901
-0.00879447
-0.00877
-0.00874559
-0.00872124
-0.00869696
-0.00867273
-0.00864858
-0.00862448
-0.00860044
-0.00857647
-0.00855256
-0.00852872
-0.00850493
-0.00848121
-0.00845755
-0.00843395
-0.00841041
-0.00838693
-0.00836352
-0.00834016
-0.00831687
-0.00829364
-0.00827046
-0.00824735
-0.0082243
-0.00820131
-0.00817838
-0.00815551
-0.0081327
-0.00810995
-0.00808726
-0.00806463
-0.00804206
-0.00801955
-0.0079971
-0.00797471
-0.00795237
-0.0079301
-0.00790788
-0.00788572
-0.00786362
-0.00784158
-0.0078196
-0.00779768
-0.00777581
-0.007754
-0.00773225
-0.00771056
-0.00768893
-0.00766735
-0.00764583
-0.00762437
-0.00760296
-0.00758161
-0.00756032
-0.00753909
-0.00751791
-0.00749679
-0.00747572
-0.00745471
-0.00743376
-0.00741286
-0.00739202
-0.00737124
-0.00735051
-0.00732984
-0.00730922
-0.00728866
-0.00726815
-0.0072477
-0.0072273
-0.00720696
-0.00718668
-0.00716644
-0.00714627
-0.00712614
-0.00710608
-0.00708606
-0.0070661
-0.0070462
-0.00702634
-0.00700655
-0.0069868
-0.00696711
-0.00694747
-0.00692789
-0.00690836
-0.00688888
-0.00686946
-0.00685009
-0.00683077
-0.0068115
-0.00679229
-0.00677313
-0.00675402
-0.00673497
-0.00671597
-0.00669701
-0.00667812
-0.00665927
-0.00664047
-0.00662173
-0.00660304
-0.0065844
-0.00656581
-0.00654727
-0.00652878
-0.00651034
-0.00649196
-0.00647362
-0.00645534
-0.00643711
-0.00641892
-0.00640079
-0.00638271
-0.00636468
-0.0063467
-0.00632876
-0.00631088
-0.00629305
-0.00627527
-0.00625753
-0.00623985
-0.00622222
-0.00620463
-0.00618709
-0.00616961
-0.00615217
-0.00613478
-0.00611744
-0.00610014
-0.0060829
-0.0060657
-0.00604856
-0.00603146
-0.00601441
-0.0059974
-0.00598045
-0.00596354
-0.00594668
-0.00592987
-0.0059131
-0.00589638
-0.00587971
-0.00586309
-0.00584651
-0.00582998
-0.0058135
-0.00579706
-0.00578067
-0.00576433
-0.00574803
-0.00573178
-0.00571557
-0.00569942
-0.0056833
-0.00566724
-0.00565121
-0.00563524
-0.00561931
-0.00560342
-0.00558758
-0.00557179
-0.00555604
-0.00554033
-0.00552468
-0.00550906
-0.00549349
-0.00547796
-0.00546248
-0.00544705
-0.00543165
-0.00541631
-0.005401
-0.00538574
-0.00537052
-0.00535535
-0.00534022
-0.00532514
-0.00531009
-0.0052951
-0.00528014
-0.00526523
-0.00525036
-0.00523553
-0.00522075
-0.00520601
-0.00519131
-0.00517665
-0.00516204
-0.00514747
-0.00513294
-0.00511845
-0.005104
-0.0050896
-0.00507524
-0.00506092
-0.00504664
-0.0050324
-0.00501821
-0.00500405
-0.00498994
-0.00497587
-0.00496184
-0.00494785
-0.0049339
-0.00491999
-0.00490612
-0.00489229
-0.0048785
-0.00486475
-0.00485105
-0.00483738
-0.00482375
-0.00481016
-0.00479662
-0.00478311
-0.00476964
-0.00475621
-0.00474282
-0.00472947
-0.00471616
-0.00470288
-0.00468965
-0.00467646
-0.0046633
-0.00465018
-0.0046371
-0.00462406
-0.00461106
-0.00459809
-0.00458517
-0.00457228
-0.00455943
-0.00454662
-0.00453384
-0.00452111
-0.00450841
-0.00449574
-0.00448312
-0.00447053
-0.00445798
-0.00444547
-0.00443299
-0.00442055
-0.00440815
-0.00439578
-0.00438345
-0.00437116
-0.0043589
-0.00434668
-0.00433449
-0.00432234
-0.00431023
-0.00429815
-0.00428611
-0.00427411
-0.00426214
-0.0042502
-0.0042383
-0.00422644
-0.00421461
-0.00420281
-0.00419105
-0.00417933
-0.00416764
-0.00415598
-0.00414436
-0.00413278
-0.00412123
-0.00410971
-0.00409822
-0.00408678
-0.00407536
-0.00406398
-0.00405263
-0.00404132
-0.00403004
-0.00401879
-0.00400758
-0.0039964
-0.00398525
-0.00397414
-0.00396306
-0.00395201
-0.00394099
-0.00393001
-0.00391906
-0.00390814
-0.00389726
-0.00388641
-0.00387559
-0.0038648
-0.00385404
-0.00384332
-0.00383263
-0.00382197
-0.00381134
-0.00380074
-0.00379018
-0.00377964
-0.00376914
-0.00375867
-0.00374823
-0.00373782
-0.00372745
-0.0037171
-0.00370678
-0.0036965
-0.00368624
-0.00367602
-0.00366582
-0.00365566
-0.00364553
-0.00363542
-0.00362535
-0.00361531
-0.0036053
-0.00359531
-0.00358536
-0.00357543
-0.00356554
-0.00355567
-0.00354584
-0.00353603
-0.00352626
-0.00351651
-0.00350679
-0.0034971
-0.00348744
-0.00347781
-0.0034682
-0.00345863
-0.00344908
-0.00343956
-0.00343007
-0.00342061
-0.00341118
-0.00340177
-0.00339239
-0.00338304
-0.00337372
-0.00336443
-0.00335516
-0.00334592
-0.00333671
-0.00332753
-0.00331837
-0.00330924
-0.00330014
-0.00329106
-0.00328201
-0.00327299
-0.003264
-0.00325503
-0.00324609
-0.00323717
-0.00322829
-0.00321942
-0.00321059
-0.00320178
-0.003193
-0.00318424
-0.00317551
-0.0031668
-0.00315812
-0.00314947
-0.00314084
-0.00313224
-0.00312366
-0.00311511
-0.00310658
-0.00309808
-0.00308961
-0.00308116
-0.00307273
-0.00306433
-0.00305596
-0.00304761
-0.00303928
-0.00303098
-0.0030227
-0.00301445
-0.00300622
-0.00299802
-0.00298984
-0.00298168
-0.00297355
-0.00296544
-0.00295736
-0.0029493
-0.00294127
-0.00293325
-0.00292527
-0.0029173
-0.00290936
-0.00290144
-0.00289355
-0.00288568
-0.00287783
-0.00287001
-0.0028622
-0.00285443
-0.00284667
-0.00283894
-0.00283123
-0.00282354
-0.00281588
-0.00280823
-0.00280061
-0.00279302
-0.00278544
-0.00277789
-0.00277036
-0.00276285
-0.00275537
-0.0027479
-0.00274046
-0.00273304
-0.00272564
-0.00271826
-0.00271091
-0.00270357
-0.00269626
-0.00268897
-0.0026817
-0.00267445
-0.00266723
-0.00266002
-0.00265284
-0.00264567
-0.00263853
-0.00263141
-0.00262431
-0.00261723
-0.00261017
-0.00260313
-0.00259611
-0.00258911
-0.00258214
-0.00257518
-0.00256824
-0.00256133
-0.00255443
-0.00254756
-0.0025407
-0.00253386
-0.00252705
-0.00252025
-0.00251348
-0.00250672
-0.00249998
-0.00249326
-0.00248657
-0.00247989
-0.00247323
-0.00246659
-0.00245997
-0.00245337
-0.00244679
-0.00244022
-0.00243368
-0.00242716
-0.00242065
-0.00241416
-0.00240769
-0.00240124
-0.00239481
-0.0023884
-0.00238201
-0.00237563
-0.00236928
-0.00236294
-0.00235662
-0.00235032
-0.00234403
-0.00233777
-0.00233152
-0.00232529
-0.00231908
-0.00231289
-0.00230671
-0.00230055
-0.00229441
-0.00228829
-0.00228219
-0.0022761
-0.00227003
-0.00226398
-0.00225795
-0.00225193
-0.00224593
-0.00223995
-0.00223398
-0.00222803
-0.0022221
-0.00221619
-0.00221029
-0.00220441
-0.00219855
-0.0021927
-0.00218687
-0.00218106
-0.00217526
-0.00216948
-0.00216372
-0.00215797
-0.00215224
-0.00214652
-0.00214083
-0.00213515
-0.00212948
-0.00212383
-0.0021182
-0.00211258
-0.00210698
-0.0021014
-0.00209583
-0.00209027
-0.00208474
-0.00207921
-0.00207371
-0.00206822
-0.00206274
-0.00205729
-0.00205184
-0.00204641
-0.002041
-0.0020356
-0.00203022
-0.00202486
-0.00201951
-0.00201417
-0.00200885
-0.00200354
-0.00199825
-0.00199298
-0.00198771
-0.00198247
-0.00197724
-0.00197202
-0.00196682
-0.00196163
-0.00195646
-0.0019513
-0.00194616
-0.00194103
-0.00193592
-0.00193082
-0.00192573
-0.00192066
-0.0019156
-0.00191056
-0.00190553
-0.00190052
-0.00189552
-0.00189053
-0.00188556
-0.0018806
-0.00187566
-0.00187073
-0.00186581
-0.00186091
-0.00185602
-0.00185115
-0.00184629
-0.00184144
-0.00183661
-0.00183179
-0.00182698
-0.00182219
-0.00181741
-0.00181264
-0.00180789
-0.00180315
-0.00179842
-0.00179371
-0.00178901
-0.00178432
-0.00177964
-0.00177498
-0.00177033
-0.0017657
-0.00176108
-0.00175647
-0.00175187
-0.00174729
-0.00174272
-0.00173816
-0.00173361
-0.00172908
-0.00172456
-0.00172005
-0.00171556
-0.00171108
-0.0017066
-0.00170215
-0.0016977
-0.00169327
-0.00168885
-0.00168444
-0.00168004
-0.00167566
-0.00167129
-0.00166693
-0.00166258
-0.00165824
-0.00165392
-0.00164961
-0.00164531
-0.00164102
-0.00163674
-0.00163248
-0.00162823
-0.00162399
-0.00161976
-0.00161554
-0.00161134
-0.00160714
-0.00160296
-0.00159879
-0.00159463
-0.00159048
-0.00158634
-0.00158222
-0.0015781
-0.001574
-0.00156991
-0.00156583
-0.00156176
-0.0015577
-0.00155366
-0.00154962
-0.0015456
-0.00154158
-0.00153758
-0.00153359
-0.00152961
-0.00152564
-0.00152168
-0.00151773
-0.0015138
-0.00150987
-0.00150596
-0.00150205
-0.00149816
-0.00149427
-0.0014904
-0.00148654
-0.00148269
-0.00147885
-0.00147501
-0.00147119
-0.00146738
-0.00146359
-0.0014598
-0.00145602
-0.00145225
-0.00144849
-0.00144474
-0.00144101
-0.00143728
-0.00143356
-0.00142985
-0.00142616
-0.00142247
-0.00141879
-0.00141512
-0.00141147
-0.00140782
-0.00140418
-0.00140056
-0.00139694
-0.00139333
-0.00138973
-0.00138614
-0.00138257
-0.001379
-0.00137544
-0.00137189
-0.00136835
-0.00136482
-0.0013613
-0.00135779
-0.00135428
-0.00135079
-0.00134731
-0.00134384
-0.00134037
-0.00133692
-0.00133347
-0.00133004
-0.00132661
-0.00132319
-0.00131978
-0.00131638
-0.00131299
-0.00130961
-0.00130624
-0.00130288
-0.00129952
-0.00129618
-0.00129284
-0.00128952
-0.0012862
-0.00128289
-0.00127959
-0.0012763
-0.00127302
-0.00126974
-0.00126648
-0.00126322
-0.00125998
-0.00125674
-0.00125351
-0.00125029
-0.00124708
-0.00124387
-0.00124068
-0.00123749
-0.00123431
-0.00123114
-0.00122798
-0.00122483
-0.00122168
-0.00121855
-0.00121542
-0.0012123
-0.00120919
-0.00120609
-0.001203
-0.00119991
-0.00119683
-0.00119376
-0.0011907
-0.00118765
-0.0011846
-0.00118157
-0.00117854
-0.00117552
-0.0011725
-0.0011695
-0.0011665
-0.00116352
-0.00116053
-0.00115756
-0.0011546
-0.00115164
-0.00114869
-0.00114575
-0.00114282
-0.00113989
-0.00113697
-0.00113406
-0.00113116
-0.00112827
-0.00112538
-0.0011225
-0.00111963
-0.00111677
-0.00111391
-0.00111106
-0.00110822
-0.00110539
-0.00110256
-0.00109974
-0.00109693
-0.00109413
-0.00109133
-0.00108854
-0.00108576
-0.00108299
-0.00108022
-0.00107746
-0.00107471
-0.00107196
-0.00106922
-0.00106649
-0.00106377
-0.00106105
-0.00105835
-0.00105564
-0.00105295
-0.00105026
-0.00104758
-0.00104491
-0.00104224
-0.00103958
-0.00103693
-0.00103428
-0.00103165
-0.00102902
-0.00102639
-0.00102377
-0.00102116
-0.00101856
-0.00101596
-0.00101337
-0.00101079
-0.00100821
-0.00100564
-0.00100308
-0.00100052
-0.000997975
-0.000995432
-0.000992896
-0.000990367
-0.000987844
-0.000985328
-0.000982819
-0.000980316
-0.000977819
-0.00097533
-0.000972846
-0.00097037
-0.000967899
-0.000965436
-0.000962978
-0.000960527
-0.000958083
-0.000955645
-0.000953213
-0.000950788
-0.000948369
-0.000945957
-0.00094355
-0.00094115
-0.000938757
-0.000936369
-0.000933988
-0.000931613
-0.000929244
-0.000926882
-0.000924525
-0.000922175
-0.000919831
-0.000917493
-0.000915161
-0.000912835
-0.000910516
-0.000908202
-0.000905895
-0.000903593
-0.000901297
-0.000899008
-0.000896724
-0.000894447
-0.000892175
-0.000889909
-0.000887649
-0.000885395
-0.000883147
-0.000880905
-0.000878668
-0.000876438
-0.000874213
-0.000871994
-0.000869781
-0.000867573
-0.000865372
-0.000863176
-0.000860985
-0.000858801
-0.000856622
-0.000854449
-0.000852281
-0.000850119
-0.000847963
-0.000845812
-0.000843667
-0.000841527
-0.000839393
-0.000837265
-0.000835142
-0.000833025
-0.000830913
-0.000828806
-0.000826705
-0.00082461
-0.00082252
-0.000820435
-0.000818356
-0.000816282
-0.000814213
-0.00081215
-0.000810092
-0.00080804
-0.000805993
-0.000803951
-0.000801914
-0.000799883
-0.000797857
-0.000795836
-0.000793821
-0.00079181
-0.000789805
-0.000787805
-0.000785811
-0.000783821
-0.000781837
-0.000779857
-0.000777883
-0.000775914
-0.00077395
-0.000771991
-0.000770037
-0.000768088
-0.000766145
-0.000764206
-0.000762272
-0.000760343
-0.00075842
-0.000756501
-0.000754587
-0.000752678
-0.000750774
-0.000748875
-0.000746981
-0.000745091
-0.000743207
-0.000741327
-0.000739453
-0.000737583
-0.000735718
-0.000733858
-0.000732002
-0.000730151
-0.000728306
-0.000726464
-0.000724628
-0.000722796
-0.000720969
-0.000719147
-0.00071733
-0.000715517
-0.000713709
-0.000711905
-0.000710106
-0.000708312
-0.000706522
-0.000704737
-0.000702957
-0.000701181
-0.000699409
-0.000697643
-0.00069588
-0.000694123
-0.000692369
-0.000690621
-0.000688877
-0.000687137
-0.000685402
-0.000683671
-0.000681945
-0.000680223
-0.000678505
-0.000676792
-0.000675084
-0.000673379
-0.000671679
-0.000669984
-0.000668293
-0.000666606
-0.000664923
-0.000663245
-0.000661571
-0.000659902
-0.000658236
-0.000656575
-0.000654918
-0.000653266
-0.000651618
-0.000649974
-0.000648334
-0.000646698
-0.000645067
-0.000643439
-0.000641816
-0.000640197
-0.000638582
-0.000636972
-0.000635365
-0.000633763
-0.000632164
-0.00063057
-0.00062898
-0.000627394
-0.000625812
-0.000624234
-0.00062266
-0.00062109
-0.000619524
-0.000617962
-0.000616404
-0.00061485
-0.0006133
-0.000611755
-0.000610212
-0.000608674
-0.00060714
-0.00060561
-0.000604084
-0.000602561
-0.000601043
-0.000599528
-0.000598017
-0.00059651
-0.000595007
-0.000593508
-0.000592013
-0.000590521
-0.000589033
-0.000587549
-0.000586069
-0.000584593
-0.00058312
-0.000581651
-0.000580186
-0.000578725
-0.000577267
-0.000575813
-0.000574363
-0.000572916
-0.000571474
-0.000570034
-0.000568599
-0.000567167
-0.000565739
-0.000564314
-0.000562893
-0.000561476
-0.000560063
-0.000558652
-0.000557246
-0.000555843
-0.000554444
-0.000553048
-0.000551656
-0.000550267
-0.000548882
-0.0005475
-0.000546122
-0.000544748
-0.000543377
-0.000542009
-0.000540645
-0.000539285
-0.000537927
-0.000536574
-0.000535224
-0.000533877
-0.000532533
-0.000531193
-0.000529857
-0.000528524
-0.000527194
-0.000525868
-0.000524545
-0.000523225
-0.000521909
-0.000520596
-0.000519286
-0.00051798
-0.000516677
-0.000515377
-0.000514081
-0.000512788
-0.000511498
-0.000510212
-0.000508929
-0.000507649
-0.000506372
-0.000505099
-0.000503828
-0.000502561
-0.000501298
-0.000500037
-0.00049878
-0.000497526
-0.000496275
-0.000495027
-0.000493782
-0.000492541
-0.000491302
-0.000490067
-0.000488835
-0.000487606
-0.000486381
-0.000485158
-0.000483938
-0.000482722
-0.000481509
-0.000480298
-0.000479091
-0.000477887
-0.000476686
-0.000475488
-0.000474293
-0.000473101
-0.000471912
-0.000470726
-0.000469543
-0.000468363
-0.000467186
-0.000466012
-0.000464841
-0.000463673
-0.000462508
-0.000461346
-0.000460187
-0.00045903
-0.000457877
-0.000456727
-0.000455579
-0.000454435
-0.000453293
-0.000452154
-0.000451018
-0.000449885
-0.000448755
-0.000447628
-0.000446504
-0.000445382
-0.000444263
-0.000443147
-0.000442034
-0.000440924
-0.000439817
-0.000438712
-0.00043761
-0.000436511
-0.000435415
-0.000434322
-0.000433231
-0.000432143
-0.000431058
-0.000429975
-0.000428896
-0.000427819
-0.000426744
-0.000425673
-0.000424604
-0.000423538
-0.000422474
-0.000421414
-0.000420356
-0.0004193
-0.000418248
-0.000417198
-0.00041615
-0.000415105
-0.000414063
-0.000413024
-0.000411987
-0.000410953
-0.000409921
-0.000408892
-0.000407866
-0.000406842
-0.000405821
-0.000404802
-0.000403786
-0.000402773
-0.000401762
-0.000400753
-0.000399748
-0.000398744
-0.000397744
-0.000396745
-0.00039575
-0.000394757
-0.000393766
-0.000392778
-0.000391792
-0.000390809
-0.000389828
-0.00038885
-0.000387874
-0.000386901
-0.00038593
-0.000384962
-0.000383996
-0.000383033
-0.000382072
-0.000381113
-0.000380157
-0.000379203
-0.000378252
-0.000377303
-0.000376356
-0.000375412
-0.00037447
-0.000373531
-0.000372594
-0.000371659
-0.000370727
-0.000369797
-0.000368869
-0.000367944
-0.000367021
-0.0003661
-0.000365182
-0.000364266
-0.000363352
-0.000362441
-0.000361532
-0.000360625
-0.00035972
-0.000358818
-0.000357918
-0.000357021
-0.000356125
-0.000355232
-0.000354341
-0.000353453
-0.000352566
-0.000351682
-0.0003508
-0.00034992
-0.000349043
-0.000348168
-0.000347294
-0.000346424
-0.000345555
-0.000344688
-0.000343824
-0.000342962
-0.000342102
-0.000341244
-0.000340389
-0.000339535
-0.000338684
-0.000337835
-0.000336988
-0.000336143
-0.0003353
-0.000334459
-0.000333621
-0.000332784
-0.00033195
-0.000331118
-0.000330288
-0.00032946
-0.000328634
-0.00032781
-0.000326988
-0.000326169
-0.000325351
-0.000324535
-0.000323722
-0.00032291
-0.000322101
-0.000321294
-0.000320488
-0.000319685
-0.000318884
-0.000318084
-0.000317287
-0.000316492
-0.000315699
-0.000314907
-0.000314118
-0.000313331
-0.000312545
-0.000311762
-0.000310981
-0.000310201
-0.000309424
-0.000308648
-0.000307875
-0.000307103
-0.000306334
-0.000305566
-0.0003048
-0.000304036
-0.000303274
-0.000302514
-0.000301756
-0.000301
-0.000300246
-0.000299494
-0.000298743
-0.000297995
-0.000297248
-0.000296503
-0.00029576
-0.000295019
-0.00029428
-0.000293542
-0.000292807
-0.000292073
-0.000291341
-0.000290611
-0.000289883
-0.000289157
-0.000288433
-0.00028771
-0.000286989
-0.00028627
-0.000285553
-0.000284837
-0.000284124
-0.000283412
-0.000282702
-0.000281994
-0.000281287
-0.000280583
-0.00027988
-0.000279178
-0.000278479
-0.000277781
-0.000277086
-0.000276391
-0.000275699
-0.000275008
-0.00027432
-0.000273632
-0.000272947
-0.000272263
-0.000271581
-0.000270901
-0.000270222
-0.000269546
-0.00026887
-0.000268197
-0.000267525
-0.000266855
-0.000266187
-0.00026552
-0.000264855
-0.000264192
-0.00026353
-0.00026287
-0.000262211
-0.000261555
-0.0002609
-0.000260246
-0.000259594
-0.000258944
-0.000258296
-0.000257649
-0.000257003
-0.00025636
-0.000255718
-0.000255077
-0.000254439
-0.000253801
-0.000253166
-0.000252532
-0.000251899
-0.000251269
-0.000250639
-0.000250012
-0.000249386
-0.000248761
-0.000248138
-0.000247517
-0.000246897
-0.000246279
-0.000245662
-0.000245047
-0.000244433
-0.000243821
-0.000243211
-0.000242602
-0.000241994
-0.000241388
-0.000240784
-0.000240181
-0.000239579
-0.00023898
-0.000238381
-0.000237784
-0.000237189
-0.000236595
-0.000236003
-0.000235412
-0.000234822
-0.000234234
-0.000233648
-0.000233063
-0.000232479
-0.000231897
-0.000231317
-0.000230738
-0.00023016
-0.000229584
-0.000229009
-0.000228435
-0.000227864
-0.000227293
-0.000226724
-0.000226156
-0.00022559
-0.000225026
-0.000224462
-0.0002239
-0.00022334
-0.000222781
-0.000222223
-0.000221667
-0.000221112
-0.000220558
-0.000220006
-0.000219455
-0.000218906
-0.000218358
-0.000217811
-0.000217266
-0.000216722
-0.00021618
-0.000215638
-0.000215099
-0.00021456
-0.000214023
-0.000213487
-0.000212953
-0.00021242
-0.000211888
-0.000211358
-0.000210829
-0.000210301
-0.000209775
-0.00020925
-0.000208726
-0.000208203
-0.000207682
-0.000207162
-0.000206644
-0.000206127
-0.000205611
-0.000205096
-0.000204583
-0.000204071
-0.00020356
-0.00020305
-0.000202542
-0.000202035
-0.00020153
-0.000201025
-0.000200522
-0.00020002
-0.000199519
-0.00019902
-0.000198522
-0.000198025
-0.00019753
-0.000197035
-0.000196542
-0.00019605
-0.00019556
-0.00019507
-0.000194582
-0.000194095
-0.000193609
-0.000193125
-0.000192641
-0.000192159
-0.000191678
-0.000191199
-0.00019072
-0.000190243
-0.000189767
-0.000189292
-0.000188818
-0.000188346
-0.000187874
-0.000187404
-0.000186935
-0.000186467
-0.000186001
-0.000185535
-0.000185071
-0.000184608
-0.000184146
-0.000183685
-0.000183225
-0.000182767
-0.000182309
-0.000181853
-0.000181398
-0.000180944
-0.000180491
-0.00018004
-0.000179589
-0.00017914
-0.000178692
-0.000178244
-0.000177798
-0.000177354
-0.00017691
-0.000176467
-0.000176025
-0.000175585
-0.000175146
-0.000174707
-0.00017427
-0.000173834
-0.000173399
-0.000172965
-0.000172533
-0.000172101
-0.00017167
-0.000171241
-0.000170812
-0.000170385
-0.000169959
-0.000169533
-0.000169109
-0.000168686
-0.000168264
-0.000167843
-0.000167423
-0.000167004
-0.000166586
-0.000166169
-0.000165754
-0.000165339
-0.000164925
-0.000164513
-0.000164101
-0.00016369
-0.000163281
-0.000162872
-0.000162465
-0.000162058
-0.000161653
-0.000161248
-0.000160845
-0.000160443
-0.000160041
-0.000159641
-0.000159241
-0.000158843
-0.000158446
-0.000158049
-0.000157654
-0.000157259
-0.000156866
-0.000156473
-0.000156082
-0.000155691
-0.000155302
-0.000154913
-0.000154526
-0.000154139
-0.000153754
-0.000153369
-0.000152985
-0.000152603
-0.000152221
-0.00015184
-0.00015146
-0.000151081
-0.000150703
-0.000150326
-0.00014995
-0.000149575
-0.000149201
-0.000148828
-0.000148455
-0.000148084
-0.000147713
-0.000147344
-0.000146975
-0.000146608
-0.000146241
-0.000145875
-0.00014551
-0.000145146
-0.000144783
-0.000144421
-0.00014406
-0.000143699
-0.00014334
-0.000142981
-0.000142623
-0.000142267
-0.000141911
-0.000141556
-0.000141202
-0.000140848
-0.000140496
-0.000140145
-0.000139794
-0.000139444
-0.000139096
-0.000138748
-0.000138401
-0.000138054
-0.000137709
-0.000137365
-0.000137021
-0.000136678
-0.000136336
-0.000135995
-0.000135655
-0.000135316
-0.000134977
-0.00013464
-0.000134303
-0.000133967
-0.000133632
-0.000133298
-0.000132964
-0.000132632
-0.0001323
-0.000131969
-0.000131639
-0.000131309
-0.000130981
-0.000130653
-0.000130327
-0.000130001
-0.000129675
-0.000129351
-0.000129028
-0.000128705
-0.000128383
-0.000128062
-0.000127741
-0.000127422
-0.000127103
-0.000126785
-0.000126468
-0.000126152
-0.000125836
-0.000125522
-0.000125208
-0.000124894
-0.000124582
-0.00012427
-0.00012396
-0.00012365
-0.00012334
-0.000123032
-0.000122724
-0.000122417
-0.000122111
-0.000121806
-0.000121501
-0.000121197
-0.000120894
-0.000120591
-0.00012029
-0.000119989
-0.000119689
-0.00011939
-0.000119091
-0.000118793
-0.000118496
-0.0001182
-0.000117904
-0.000117609
-0.000117315
-0.000117021
-0.000116729
-0.000116437
-0.000116146
-0.000115855
-0.000115565
-0.000115276
-0.000114988
-0.0001147
-0.000114414
-0.000114127
-0.000113842
-0.000113557
-0.000113273
-0.00011299
-0.000112707
-0.000112425
-0.000112144
-0.000111864
-0.000111584
-0.000111305
-0.000111027
-0.000110749
-0.000110472
-0.000110196
-0.00010992
-0.000109645
-0.000109371
-0.000109097
-0.000108825
-0.000108552
-0.000108281
-0.00010801
-0.00010774
-0.000107471
-0.000107202
-0.000106934
-0.000106666
-0.000106399
-0.000106133
-0.000105868
-0.000105603
-0.000105339
-0.000105076
-0.000104813
-0.000104551
-0.000104289
-0.000104028
-0.000103768
-0.000103509
-0.00010325
-0.000102992
-0.000102734
-0.000102477
-0.000102221
-0.000101965
-0.00010171
-0.000101456
-0.000101202
-0.000100949
-0.000100697
-0.000100445
-0.000100194
-9.99431e-05
-9.96931e-05
-9.94438e-05
-9.91951e-05
-9.89471e-05
-9.86996e-05
-9.84528e-05
-9.82066e-05
-9.7961e-05
-9.7716e-05
-9.74716e-05
-9.72279e-05
-9.69847e-05
-9.67422e-05
-9.65003e-05
-9.6259e-05
-9.60182e-05
-9.57781e-05
-9.55386e-05
-9.52997e-05
-9.50614e-05
-9.48236e-05
-9.45865e-05
-9.435e-05
-9.4114e-05
-9.38787e-05
-9.36439e-05
-9.34097e-05
-9.31761e-05
-9.29431e-05
-9.27107e-05
-9.24789e-05
-9.22476e-05
-9.20169e-05
-9.17868e-05
-9.15573e-05
-9.13283e-05
-9.10999e-05
-9.08721e-05
-9.06449e-05
-9.04182e-05
-9.01921e-05
-8.99666e-05
-8.97416e-05
-8.95172e-05
-8.92933e-05
-8.907e-05
-8.88473e-05
-8.86251e-05
-8.84035e-05
-8.81824e-05
-8.79619e-05
-8.77419e-05
-8.75225e-05
-8.73037e-05
-8.70854e-05
-8.68676e-05
-8.66504e-05
-8.64337e-05
-8.62175e-05
-8.6002e-05
-8.57869e-05
-8.55724e-05
-8.53584e-05
-8.51449e-05
-8.4932e-05
-8.47196e-05
-8.45078e-05
-8.42965e-05
-8.40857e-05
-8.38754e-05
-8.36657e-05
-8.34565e-05
-8.32478e-05
-8.30396e-05
-8.2832e-05
-8.26248e-05
-8.24182e-05
-8.22121e-05
-8.20066e-05
-8.18015e-05
-8.15969e-05
-8.13929e-05
-8.11894e-05
-8.09864e-05
-8.07838e-05
-8.05818e-05
-8.03803e-05
-8.01793e-05
-7.99789e-05
-7.97789e-05
-7.95794e-05
-7.93804e-05
-7.91819e-05
-7.89839e-05
-7.87864e-05
-7.85894e-05
-7.83929e-05
-7.81968e-05
-7.80013e-05
-7.78063e-05
-7.76117e-05
-7.74176e-05
-7.72241e-05
-7.7031e-05
-7.68383e-05
-7.66462e-05
-7.64545e-05
-7.62634e-05
-7.60727e-05
-7.58825e-05
-7.56927e-05
-7.55034e-05
-7.53146e-05
-7.51263e-05
-7.49385e-05
-7.47511e-05
-7.45642e-05
-7.43777e-05
-7.41917e-05
-7.40062e-05
-7.38212e-05
-7.36366e-05
-7.34525e-05
-7.32688e-05
-7.30856e-05
-7.29029e-05
-7.27206e-05
-7.25387e-05
-7.23573e-05
-7.21764e-05
-7.19959e-05
-7.18159e-05
-7.16364e-05
-7.14572e-05
-7.12786e-05
-7.11003e-05
-7.09225e-05
-7.07452e-05
-7.05683e-05
-7.03919e-05
-7.02158e-05
-7.00403e-05
-6.98651e-05
-6.96905e-05
-6.95162e-05
-6.93424e-05
-6.9169e-05
-6.8996e-05
-6.88235e-05
-6.86514e-05
-6.84798e-05
-6.83086e-05
-6.81378e-05
-6.79674e-05
-6.77974e-05
-6.76279e-05
-6.74588e-05
-6.72901e-05
-6.71219e-05
-6.69541e-05
-6.67866e-05
-6.66197e-05
-6.64531e-05
-6.62869e-05
-6.61212e-05
-6.59558e-05
-6.57909e-05
-6.56264e-05
-6.54623e-05
-6.52987e-05
-6.51354e-05
-6.49725e-05
-6.48101e-05
-6.4648e-05
-6.44864e-05
-6.43251e-05
-6.41643e-05
-6.40039e-05
-6.38438e-05
-6.36842e-05
-6.3525e-05
-6.33661e-05
-6.32077e-05
-6.30497e-05
-6.2892e-05
-6.27348e-05
-6.25779e-05
-6.24214e-05
-6.22654e-05
-6.21097e-05
-6.19544e-05
-6.17995e-05
-6.16449e-05
-6.14908e-05
-6.13371e-05
-6.11837e-05
-6.10307e-05
-6.08781e-05
-6.07259e-05
-6.05741e-05
-6.04226e-05
-6.02715e-05
-6.01208e-05
-5.99705e-05
-5.98206e-05
-5.9671e-05
-5.95218e-05
-5.9373e-05
-5.92245e-05
-5.90764e-05
-5.89287e-05
-5.87814e-05
-5.86344e-05
-5.84878e-05
-5.83416e-05
-5.81957e-05
-5.80502e-05
-5.79051e-05
-5.77603e-05
-5.76159e-05
-5.74718e-05
-5.73281e-05
-5.71848e-05
-5.70418e-05
-5.68992e-05
-5.67569e-05
-5.6615e-05
-5.64734e-05
-5.63322e-05
-5.61914e-05
-5.60509e-05
-5.59108e-05
-5.5771e-05
-5.56315e-05
-5.54924e-05
-5.53537e-05
-5.52153e-05
-5.50772e-05
-5.49395e-05
-5.48022e-05
-5.46651e-05
-5.45285e-05
-5.43921e-05
-5.42561e-05
-5.41205e-05
-5.39852e-05
-5.38502e-05
-5.37155e-05
-5.35812e-05
-5.34473e-05
-5.33136e-05
-5.31803e-05
-5.30474e-05
-5.29147e-05
-5.27824e-05
-5.26505e-05
-5.25188e-05
-5.23875e-05
-5.22565e-05
-5.21259e-05
-5.19956e-05
-5.18656e-05
-5.17359e-05
-5.16065e-05
-5.14775e-05
-5.13488e-05
-5.12204e-05
-5.10923e-05
-5.09646e-05
-5.08372e-05
-5.07101e-05
-5.05833e-05
-5.04568e-05
-5.03307e-05
-5.02048e-05
-5.00793e-05
-4.99541e-05
-4.98292e-05
-4.97046e-05
-4.95803e-05
-4.94564e-05
-4.93327e-05
-4.92094e-05
-4.90863e-05
-4.89636e-05
-4.88412e-05
-4.87191e-05
-4.85973e-05
-4.84758e-05
-4.83546e-05
-4.82337e-05
-4.81131e-05
-4.79928e-05
-4.78728e-05
-4.77531e-05
-4.76337e-05
-4.75146e-05
-4.73958e-05
-4.72773e-05
-4.71591e-05
-4.70412e-05
-4.69236e-05
-4.68063e-05
-4.66892e-05
-4.65725e-05
-4.64561e-05
-4.63399e-05
-4.62241e-05
-4.61085e-05
-4.59932e-05
-4.58782e-05
-4.57635e-05
-4.56491e-05
-4.5535e-05
-4.54211e-05
-4.53076e-05
-4.51943e-05
-4.50813e-05
-4.49686e-05
-4.48561e-05
-4.4744e-05
-4.46321e-05
-4.45205e-05
-4.44092e-05
-4.42982e-05
-4.41874e-05
-4.4077e-05
-4.39668e-05
-4.38568e-05
-4.37472e-05
-4.36378e-05
-4.35287e-05
-4.34199e-05
-4.33113e-05
-4.3203e-05
-4.3095e-05
-4.29873e-05
-4.28798e-05
-4.27726e-05
-4.26656e-05
-4.2559e-05
-4.24526e-05
-4.23464e-05
-4.22406e-05
-4.2135e-05
-4.20296e-05
-4.19245e-05
-4.18197e-05
-4.17152e-05
-4.16109e-05
-4.15068e-05
-4.1403e-05
-4.12995e-05
-4.11963e-05
-4.10933e-05
-4.09905e-05
-4.08881e-05
-4.07858e-05
-4.06839e-05
-4.05821e-05
-4.04807e-05
-4.03795e-05
-4.02785e-05
-4.01778e-05
-4.00774e-05
-3.99772e-05
-3.98772e-05
-3.97775e-05
-3.96781e-05
-3.95789e-05
-3.94799e-05
-3.93812e-05
-3.92827e-05
-3.91845e-05
-3.90866e-05
-3.89888e-05
-3.88914e-05
-3.87941e-05
-3.86971e-05
-3.86004e-05
-3.85039e-05
-3.84076e-05
-3.83116e-05
-3.82158e-05
-3.81203e-05
-3.8025e-05
-3.79299e-05
-3.78351e-05
-3.77405e-05
-3.76461e-05
-3.7552e-05
-3.74581e-05
-3.73645e-05
-3.7271e-05
-3.71779e-05
-3.70849e-05
-3.69922e-05
-3.68997e-05
-3.68075e-05
-3.67154e-05
-3.66236e-05
-3.65321e-05
-3.64407e-05
-3.63496e-05
-3.62587e-05
-3.61681e-05
-3.60777e-05
-3.59875e-05
-3.58975e-05
-3.58078e-05
-3.57182e-05
-3.56289e-05
-3.55399e-05
-3.5451e-05
-3.53624e-05
-3.5274e-05
-3.51858e-05
-3.50978e-05
-3.501e-05
-3.49225e-05
-3.48352e-05
-3.47481e-05
-3.46612e-05
-3.45746e-05
-3.44881e-05
-3.44019e-05
-3.43159e-05
-3.42301e-05
-3.41445e-05
-3.40592e-05
-3.3974e-05
-3.38891e-05
-3.38044e-05
-3.37198e-05
-3.36355e-05
-3.35514e-05
-3.34676e-05
-3.33839e-05
-3.33004e-05
-3.32172e-05
-3.31341e-05
-3.30513e-05
-3.29687e-05
-3.28862e-05
-3.2804e-05
-3.2722e-05
-3.26402e-05
-3.25586e-05
-3.24772e-05
-3.2396e-05
-3.2315e-05
-3.22342e-05
-3.21536e-05
-3.20732e-05
-3.1993e-05
-3.19131e-05
-3.18333e-05
-3.17537e-05
-3.16743e-05
-3.15951e-05
-3.15161e-05
-3.14373e-05
-3.13587e-05
-3.12803e-05
-3.12021e-05
-3.11241e-05
-3.10463e-05
-3.09687e-05
-3.08913e-05
-3.0814e-05
-3.0737e-05
-3.06601e-05
-3.05835e-05
-3.0507e-05
-3.04308e-05
-3.03547e-05
-3.02788e-05
-3.02031e-05
-3.01276e-05
-3.00522e-05
-2.99771e-05
-2.99022e-05
-2.98274e-05
-2.97528e-05
-2.96785e-05
-2.96043e-05
-2.95302e-05
-2.94564e-05
-2.93828e-05
-2.93093e-05
-2.9236e-05
-2.91629e-05
-2.909e-05
-2.90173e-05
-2.89448e-05
-2.88724e-05
-2.88002e-05
-2.87282e-05
-2.86564e-05
-2.85847e-05
-2.85133e-05
-2.8442e-05
-2.83709e-05
-2.83e-05
-2.82292e-05
-2.81586e-05
-2.80882e-05
-2.8018e-05
-2.7948e-05
-2.78781e-05
-2.78084e-05
-2.77389e-05
-2.76695e-05
-2.76003e-05
-2.75313e-05
-2.74625e-05
-2.73938e-05
-2.73254e-05
-2.7257e-05
-2.71889e-05
-2.71209e-05
-2.70531e-05
-2.69855e-05
-2.6918e-05
-2.68507e-05
-2.67836e-05
-2.67166e-05
-2.66498e-05
-2.65832e-05
-2.65168e-05
-2.64505e-05
-2.63843e-05
-2.63184e-05
-2.62526e-05
-2.61869e-05
-2.61215e-05
-2.60562e-05
-2.5991e-05
-2.5926e-05
-2.58612e-05
-2.57966e-05
-2.57321e-05
-2.56677e-05
-2.56036e-05
-2.55396e-05
-2.54757e-05
-2.5412e-05
-2.53485e-05
-2.52851e-05
-2.52219e-05
-2.51588e-05
-2.50959e-05
-2.50332e-05
-2.49706e-05
-2.49082e-05
-2.48459e-05
-2.47838e-05
-2.47218e-05
-2.466e-05
-2.45984e-05
-2.45369e-05
-2.44755e-05
-2.44144e-05
-2.43533e-05
-2.42924e-05
-2.42317e-05
-2.41711e-05
-2.41107e-05
-2.40504e-05
-2.39903e-05
-2.39303e-05
-2.38705e-05
-2.38108e-05
-2.37513e-05
-2.36919e-05
-2.36327e-05
-2.35736e-05
-2.35146e-05
-2.34559e-05
-2.33972e-05
-2.33387e-05
-2.32804e-05
-2.32222e-05
-2.31641e-05
-2.31062e-05
-2.30484e-05
-2.29908e-05
-2.29333e-05
-2.2876e-05
-2.28188e-05
-2.27618e-05
-2.27049e-05
-2.26481e-05
-2.25915e-05
-2.2535e-05
-2.24786e-05
-2.24225e-05
-2.23664e-05
-2.23105e-05
-2.22547e-05
-2.21991e-05
-2.21436e-05
-2.20882e-05
-2.2033e-05
-2.19779e-05
-2.19229e-05
-2.18681e-05
-2.18135e-05
-2.17589e-05
-2.17045e-05
-2.16503e-05
-2.15961e-05
-2.15422e-05
-2.14883e-05
-2.14346e-05
-2.1381e-05
-2.13275e-05
-2.12742e-05
-2.1221e-05
-2.1168e-05
-2.11151e-05
-2.10623e-05
-2.10096e-05
-2.09571e-05
-2.09047e-05
-2.08524e-05
-2.08003e-05
-2.07483e-05
-2.06964e-05
-2.06447e-05
-2.05931e-05
-2.05416e-05
-2.04902e-05
-2.0439e-05
-2.03879e-05
-2.03369e-05
-2.02861e-05
-2.02354e-05
-2.01848e-05
-2.01343e-05
-2.0084e-05
-2.00338e-05
-1.99837e-05
-1.99337e-05
-1.98839e-05
-1.98342e-05
-1.97846e-05
-1.97351e-05
-1.96858e-05
-1.96366e-05
-1.95875e-05
-1.95385e-05
-1.94897e-05
-1.94409e-05
-1.93923e-05
-1.93439e-05
-1.92955e-05
-1.92473e-05
-1.91991e-05
-1.91511e-05
-1.91033e-05
-1.90555e-05
-1.90079e-05
-1.89603e-05
-1.89129e-05
-1.88657e-05
-1.88185e-05
-1.87714e-05
-1.87245e-05
-1.86777e-05
-1.8631e-05
-1.85844e-05
-1.8538e-05
-1.84916e-05
-1.84454e-05
-1.83993e-05
-1.83533e-05
-1.83074e-05
-1.82616e-05
-1.8216e-05
-1.81704e-05
-1.8125e-05
-1.80797e-05
-1.80345e-05
-1.79894e-05
-1.79444e-05
-1.78996e-05
-1.78548e-05
-1.78102e-05
-1.77657e-05
-1.77212e-05
-1.76769e-05
-1.76327e-05
-1.75887e-05
-1.75447e-05
-1.75008e-05
-1.74571e-05
-1.74134e-05
-1.73699e-05
-1.73265e-05
-1.72832e-05
-1.72399e-05
-1.71968e-05
-1.71539e-05
-1.7111e-05
-1.70682e-05
-1.70255e-05
-1.6983e-05
-1.69405e-05
-1.68981e-05
-1.68559e-05
-1.68138e-05
-1.67717e-05
-1.67298e-05
-1.6688e-05
-1.66463e-05
-1.66046e-05
-1.65631e-05
-1.65217e-05
-1.64804e-05
-1.64392e-05
-1.63981e-05
-1.63571e-05
-1.63162e-05
-1.62754e-05
-1.62347e-05
-1.61942e-05
-1.61537e-05
-1.61133e-05
-1.6073e-05
-1.60328e-05
-1.59927e-05
-1.59528e-05
-1.59129e-05
-1.58731e-05
-1.58334e-05
-1.57938e-05
-1.57543e-05
-1.57149e-05
-1.56757e-05
-1.56365e-05
-1.55974e-05
-1.55584e-05
-1.55195e-05
-1.54807e-05
-1.5442e-05
-1.54034e-05
-1.53649e-05
-1.53265e-05
-1.52881e-05
-1.52499e-05
-1.52118e-05
-1.51738e-05
-1.51358e-05
-1.5098e-05
-1.50602e-05
-1.50226e-05
-1.4985e-05
-1.49476e-05
-1.49102e-05
-1.48729e-05
-1.48357e-05
-1.47987e-05
-1.47617e-05
-1.47248e-05
-1.46879e-05
-1.46512e-05
-1.46146e-05
-1.45781e-05
-1.45416e-05
-1.45053e-05
-1.4469e-05
-1.44328e-05
-1.43967e-05
-1.43607e-05
-1.43248e-05
-1.4289e-05
-1.42533e-05
-1.42177e-05
-1.41821e-05
-1.41467e-05
-1.41113e-05
-1.4076e-05
-1.40408e-05
-1.40057e-05
-1.39707e-05
-1.39358e-05
-1.3901e-05
-1.38662e-05
-1.38315e-05
-1.3797e-05
-1.37625e-05
-1.37281e-05
-1.36937e-05
-1.36595e-05
-1.36254e-05
-1.35913e-05
-1.35573e-05
-1.35234e-05
-1.34896e-05
-1.34559e-05
-1.34222e-05
-1.33887e-05
-1.33552e-05
-1.33218e-05
-1.32885e-05
-1.32553e-05
-1.32222e-05
-1.31891e-05
-1.31561e-05
-1.31232e-05
-1.30904e-05
-1.30577e-05
-1.30251e-05
-1.29925e-05
-1.296e-05
-1.29276e-05
-1.28953e-05
-1.28631e-05
-1.28309e-05
-1.27988e-05
-1.27668e-05
-1.27349e-05
-1.27031e-05
-1.26713e-05
-1.26396e-05
-1.2608e-05
-1.25765e-05
-1.25451e-05
-1.25137e-05
-1.24824e-05
-1.24512e-05
-1.24201e-05
-1.2389e-05
-1.23581e-05
-1.23272e-05
-1.22964e-05
-1.22656e-05
-1.2235e-05
-1.22044e-05
-1.21739e-05
-1.21434e-05
-1.21131e-05
-1.20828e-05
-1.20526e-05
-1.20224e-05
-1.19924e-05
-1.19624e-05
-1.19325e-05
-1.19027e-05
-1.18729e-05
-1.18432e-05
-1.18136e-05
-1.17841e-05
-1.17546e-05
-1.17252e-05
-1.16959e-05
-1.16667e-05
-1.16375e-05
-1.16084e-05
-1.15794e-05
-1.15505e-05
-1.15216e-05
-1.14928e-05
-1.1464e-05
-1.14354e-05
-1.14068e-05
-1.13783e-05
-1.13498e-05
-1.13215e-05
-1.12931e-05
-1.12649e-05
-1.12368e-05
-1.12087e-05
-1.11806e-05
-1.11527e-05
-1.11248e-05
-1.1097e-05
-1.10693e-05
-1.10416e-05
-1.1014e-05
-1.09864e-05
-1.0959e-05
-1.09316e-05
-1.09042e-05
-1.0877e-05
-1.08498e-05
-1.08227e-05
-1.07956e-05
-1.07686e-05
-1.07417e-05
-1.07148e-05
-1.06881e-05
-1.06613e-05
-1.06347e-05
-1.06081e-05
-1.05816e-05
-1.05551e-05
-1.05287e-05
-1.05024e-05
-1.04762e-05
-1.045e-05
-1.04238e-05
-1.03978e-05
-1.03718e-05
-1.03459e-05
-1.032e-05
-1.02942e-05
-1.02685e-05
-1.02428e-05
-1.02172e-05
-1.01916e-05
-1.01662e-05
-1.01407e-05
-1.01154e-05
-1.00901e-05
-1.00649e-05
-1.00397e-05
-1.00146e-05
-9.98958e-06
-9.9646e-06
-9.93969e-06
-9.91484e-06
-9.89005e-06
-9.86533e-06
-9.84066e-06
-9.81606e-06
-9.79152e-06
-9.76704e-06
-9.74263e-06
-9.71827e-06
-9.69397e-06
-9.66974e-06
-9.64556e-06
-9.62145e-06
-9.5974e-06
-9.5734e-06
-9.54947e-06
-9.5256e-06
-9.50178e-06
-9.47803e-06
-9.45433e-06
-9.4307e-06
-9.40712e-06
-9.3836e-06
-9.36014e-06
-9.33674e-06
-9.3134e-06
-9.29012e-06
-9.26689e-06
-9.24372e-06
-9.22061e-06
-9.19756e-06
-9.17457e-06
-9.15163e-06
-9.12875e-06
-9.10593e-06
-9.08317e-06
-9.06046e-06
-9.03781e-06
-9.01521e-06
-8.99267e-06
-8.97019e-06
-8.94777e-06
-8.9254e-06
-8.90308e-06
-8.88082e-06
-8.85862e-06
-8.83648e-06
-8.81438e-06
-8.79235e-06
-8.77037e-06
-8.74844e-06
-8.72657e-06
-8.70475e-06
-8.68299e-06
-8.66128e-06
-8.63963e-06
-8.61803e-06
-8.59649e-06
-8.575e-06
-8.55356e-06
-8.53217e-06
-8.51084e-06
-8.48957e-06
-8.46834e-06
-8.44717e-06
-8.42605e-06
-8.40499e-06
-8.38398e-06
-8.36302e-06
-8.34211e-06
-8.32125e-06
-8.30045e-06
-8.2797e-06
-8.259e-06
-8.23835e-06
-8.21776e-06
-8.19721e-06
-8.17672e-06
-8.15628e-06
-8.13589e-06
-8.11555e-06
-8.09526e-06
-8.07502e-06
-8.05483e-06
-8.03469e-06
-8.01461e-06
-7.99457e-06
-7.97458e-06
-7.95465e-06
-7.93476e-06
-7.91492e-06
-7.89514e-06
-7.8754e-06
-7.85571e-06
-7.83607e-06
-7.81648e-06
-7.79694e-06
-7.77745e-06
-7.758e-06
-7.73861e-06
-7.71926e-06
-7.69996e-06
-7.68071e-06
-7.66151e-06
-7.64236e-06
-7.62325e-06
-7.60419e-06
-7.58518e-06
-7.56622e-06
-7.5473e-06
-7.52844e-06
-7.50961e-06
-7.49084e-06
-7.47211e-06
