0.000509
0.000398
0.000362
0.000341
0.000293
0.000285
0.000285
0.000285
0.000355
0.000308
0.00029
0.000286
0.000287
0.000366
0.000277
0.00027
0.000267
0.000284
0.000268
0.000274
0.000256
0.000258
0.000259
0.00026
0.000403
0.000263
0.000276
0.000245
0.000246
0.000246
0.000248
0.000258
0.000263
0.000316
0.000301
0.000263
0.00024
0.00024
0.00025
0.000238
0.00032
0.000262
0.00023
0.000229
0.000263
0.000223
0.000223
0.000254
0.000231
0.000228
0.000228
0.000226
0.000225
0.000254
0.000226
0.000227
0.000228
0.000225
0.000226
0.000226
0.000227
0.000245
0.000237
0.000226
0.000226
0.00022
0.000219
0.00022
0.00022
0.000219
0.00022
0.00023
0.00022
0.00022
0.000428
0.000234
0.000222
0.000217
0.000218
0.000216
0.000217
0.000216
0.000221
0.000244
0.000226
0.000224
0.000223
0.000222
0.000222
0.000224
0.000223
0.000223
0.000221
0.000221
0.000222
0.000222
0.000221
0.000221
0.000225
0.000223
0.000224
0.000221
0.000221
0.000221
0.00022
0.000233
0.000213
0.000208
0.00021
0.000205
0.000203
0.000204
0.000203
0.000304
0.000231
0.000223
0.000224
0.000221
0.000221
0.000219
0.00022
0.000219
0.00022
0.00022
0.00022
0.000223
0.000219
0.000219
0.00022
0.00022
0.000219
0.000221
0.00022
0.000219
0.000221
0.000219
0.000219
0.000221
0.000219
0.000217
0.00022
0.000218
0.00022
0.000234
0.000247
0.000212
0.000213
0.000214
0.000216
0.000213
0.000213
0.000213
0.000213
0.000214
0.000213
0.000212
0.000212
0.000213
0.000215
0.000213
0.000213
0.000212
0.000214
0.000213
0.000213
0.000213
0.000212
0.000213
0.000213
0.000213
0.000213
0.000212
0.000213
0.000213
0.000213
0.000214
0.000212
0.000213
0.000213
0.000247
0.000213
0.000213
0.000214
0.000215
0.000213
0.000213
0.000214
0.000213
0.000214
0.000246
0.000213
0.000213
0.000215
0.000213
0.000212
0.000229
0.000212
0.000213
0.000213
0.000212
0.000213
0.000214
0.000214
0.000213
0.000213
0.000213
0.000213
0.000214
0.000213
0.000213
0.000215
0.000214
0.000213
0.000215
0.000212
0.000214
0.000213
0.000213
0.000213
0.000226
0.000212
0.000213
0.000214
0.000213
0.000281
0.000215
0.000212
0.000213
0.000215
0.000212
0.000213
0.000212
0.000214
0.000213
0.000213
0.000213
0.000211
0.000216
0.000214
0.000212
0.000213
0.000238
0.000219
0.000213
0.000281
0.000212
0.000214
0.000211
0.00021
0.00021
0.00021
0.00021
0.000211
0.000211
0.000211
0.000212
0.000216
0.000214
0.000209
0.000214
0.000209
0.00021
0.00021
0.000209
0.000209
0.000213
0.00021
0.000209
0.000213
0.000211
0.00021
0.00021
0.00021
0.000209
0.00021
0.00021
0.00021
0.000209
0.000209
0.000212
0.00021
0.00021
0.000211
0.000209
0.00021
0.00021
0.000209
0.000249
0.000209
0.000209
0.000209
0.000211
0.000256
0.000209
0.00021
0.000294
0.000211
0.00021
0.000211
0.00021
0.00021
0.00021
0.00021
0.000209
0.000211
0.00021
0.000211
0.00021
0.00021
0.000316
0.000211
0.000209
0.000209
0.000209
0.000208
0.000208
0.000208
0.000208
0.000209
0.000208
0.000208
0.000209
0.000211
0.000209
0.000209
0.000208
0.000252
0.000209
0.000209
0.000209
0.000209
0.00021
0.000208
0.000208
0.000208
0.000208
0.000209
0.000208
0.000208
0.000208
0.00021
0.000209
0.000208
0.000209
0.00021
0.000209
0.000207
0.000208
0.000208
0.00021
0.000208
0.000212
0.000209
0.000208
0.000208
0.000208
0.000208
0.000207
0.000209
0.000208
0.000209
0.000212
0.000208
0.000208
0.000209
0.000208
0.000209
0.000209
0.000208
0.000207
0.000208
0.000208
0.000208
0.000208
0.000209
0.000208
0.000209
0.000208
0.000338
0.000229
0.000219
0.000216
0.000217
0.000216
0.000216
0.000218
0.000214
0.000216
0.000484
0.000285
0.000217
0.000214
0.000215
0.000214
0.000246
0.000213
0.000213
0.000214
0.000213
0.000212
0.000214
0.000213
0.000213
0.000214
0.000216
0.000213
0.000213
0.000215
0.000213
0.000213
0.000213
0.000246
0.000214
0.000213
0.000213
0.000213
0.000212
0.000213
0.000213
0.000213
0.000214
0.000214
0.000214
0.000213
0.000212
0.000212
0.000212
0.000214
0.000213
0.000213
0.000213
0.000212
0.000215
0.000212
0.000212
0.000214
0.000212
0.000213
0.000214
0.000214
0.000213
0.000213
0.000214
0.000215
0.000213
0.000213
0.000212
0.000213
0.000215
0.000212
0.000212
0.000211
0.000214
0.000213
0.000213
0.000213
0.000213
0.000214
0.000213
0.000214
0.000213
0.000247
0.000213
0.000212
0.000213
0.000213
0.000211
0.000214
0.000212
0.000212
0.000214
0.000212
0.000213
0.000213
0.000212
0.000213
0.000212
0.000215
0.000233
0.000215
0.000213
0.000213
0.000215
0.000213
0.000213
0.000212
0.000211
0.000216
0.000215
0.000212
0.000213
0.000211
0.000214
0.000214
0.000212
0.000213
0.000246
0.000215
0.000345
0.000476
0.000239
0.000216
0.000214
0.000215
0.000213
0.000213
0.000226
0.00021
0.00021
0.00021
0.000306
0.000241
0.000223
0.000217
0.000217
0.000216
0.000215
0.000215
0.000218
0.000493
0.000258
0.000218
0.00022
0.000216
0.000216
0.000216
0.000252
0.000216
0.000216
0.000215
0.000215
0.000215
0.000214
0.000215
0.000216
0.000217
0.000215
0.000214
0.000214
0.000485
0.000255
0.000223
0.000201
0.0002
0.0002
0.000204
0.000202
0.000355
0.000221
0.000216
0.000216
0.000215
0.000215
0.000214
0.000214
0.000213
0.000214
0.000214
0.000213
0.000213
0.000436
0.000253
0.000216
0.000215
0.000216
0.00028
0.000214
0.000214
0.000212
0.000214
0.000214
0.000322
0.000213
0.000215
0.000213
0.000282
0.00022
0.000219
0.000221
0.000281
0.000322
0.000229
0.000225
0.000222
0.000222
0.000221
0.000221
0.000223
0.000236
0.000259
0.000222
0.000225
0.000222
0.000221
0.000221
0.000223
0.000222
0.000222
0.00041
0.000274
0.000227
0.00022
0.000221
0.00022
0.000219
0.000221
0.000219
0.00022
0.000285
0.000458
0.000239
0.000228
0.000244
0.000436
0.000233
0.000225
0.000223
0.000222
0.000224
0.000256
0.000222
0.000224
0.000223
0.000255
0.000594
0.000249
0.000236
0.000232
0.000228
0.000231
0.000526
0.000475
0.00041
0.000243
0.000398
0.000253
0.000233
0.00025
0.000235
0.000234
0.000234
0.000235
0.000236
0.000233
0.000234
0.000235
0.000373
0.000242
0.000238
0.000235
0.000231
0.000328
0.000316
0.000315
0.000314
0.000314
0.000312
0.000313
0.000312
0.000318
0.000314
0.000351
0.000238
0.000227
0.000249
0.000232
0.000226
0.000229
0.000225
0.000223
0.000222
0.000224
0.000223
0.000222
0.000222
0.000221
0.000222
0.000222
0.000221
0.000221
0.000221
0.000258
0.000394
0.000288
0.000253
0.000222
0.000217
0.000216
0.000217
0.000217
0.000217
0.000216
0.000216
0.000216
0.000217
0.000216
0.000216
0.000236
0.000249
0.000217
0.000216
0.00045
0.000473
0.000316
0.000241
0.00023
0.000229
0.000225
0.000226
0.000226
0.000229
0.002559
0.000365
0.000273
0.000227
0.000224
0.000223
0.000216
0.000213
0.000212
0.000212
0.000231
0.000212
0.000212
0.000211
0.000212
0.000212
0.000211
0.000232
0.000228
0.000226
0.000223
0.000285
0.000343
0.000244
0.000228
0.000222
0.000225
0.000222
0.000221
0.00022
0.000221
0.000221
0.00022
0.000221
0.000222
0.00022
0.000223
0.000215
0.000215
0.000214
0.000214
0.000444
0.000408
0.000258
0.000221
0.000219
0.000221
0.000254
0.000219
0.000218
0.000218
0.000218
0.000217
0.000219
0.000217
0.000218
0.000217
0.000218
0.000217
0.000218
0.000217
0.000374
0.000379
0.000394
0.000364
0.00022
0.000216
0.000218
0.000217
0.000215
0.000215
0.000216
0.000215
0.000216
0.000213
0.000215
0.000214
0.000214
0.000216
0.000215
0.000284
0.000344
0.0004
0.00036
0.000268
0.000236
0.000229
0.000224
0.000224
0.000227
0.000222
0.000223
0.000227
0.000222
0.000221
0.000225
0.000222
0.000222
0.000253
0.000336
0.000247
0.000236
0.00023
0.000229
0.000234
0.00023
0.000227
0.000229
0.000229
0.000221
0.00022
0.000221
0.000222
0.000223
0.000221
0.000223
0.000223
0.000221
0.000221
0.000338
0.000326
0.000228
0.000225
0.000221
0.000221
0.00022
0.00022
0.000219
0.00022
0.00022
0.000219
0.00022
0.000219
0.00022
0.000219
0.000219
0.00022
0.000222
0.000221
0.000311
0.000407
0.000225
0.000219
0.000327
0.000234
0.000225
0.000236
0.000222
0.000221
0.00022
0.000222
0.00022
0.000222
0.00024
0.000221
0.000221
0.000263
0.000329
0.000265
0.000244
0.000231
0.000278
0.000238
0.000227
0.000223
0.000223
0.000223
0.000221
0.000227
0.000222
0.000221
0.000223
0.000221
0.000222
0.00022
0.000223
0.000221
0.000292
0.000237
0.000229
0.000227
0.000225
0.000223
0.000224
0.000224
0.000223
0.000222
0.000222
0.000222
0.000224
0.000222
0.000221
0.000226
0.000222
0.000222
0.000221
0.000222
0.000267
0.000246
0.000233
0.000229
0.000227
0.000228
0.00023
0.000227
0.00023
0.00023
0.000228
0.000227
0.000236
0.000222
0.000221
0.000221
0.000223
0.000222
0.000221
0.00022
0.000221
0.000242
0.000223
0.000218
0.000216
0.000216
0.000314
0.000216
0.000218
0.000216
0.000215
0.000256
0.000217
0.000214
0.000216
0.000215
0.000214
0.000218
0.000214
0.000214
0.000215
0.000335
0.000216
0.000215
0.000215
0.000215
0.000217
0.000214
0.000214
0.000214
0.000215
0.000213
0.000215
0.000214
0.000215
0.000215
0.000214
0.000213
0.000213
0.000215
0.000217
0.000214
0.000214
0.00024
0.000226
0.000223
0.000223
0.000222
0.000225
0.000221
0.000223
0.000223
0.000222
0.000221
0.000259
0.000222
0.000221
0.00022
0.000223
0.000223
0.000222
0.000221
0.000221
0.000221
0.000221
0.000221
0.000223
0.000224
0.000221
0.000224
0.000222
0.000238
0.000217
0.000217
0.000217
0.000216
0.000215
0.000215
0.000215
0.000216
0.000216
0.000215
0.000216
0.000216
0.000215
0.000215
0.000213
0.000214
0.000217
0.000215
0.000216
0.000216
0.000214
0.000215
0.000215
0.000215
0.000216
0.000216
0.000251
0.000216
0.000215
0.000216
0.000215
0.000215
0.000215
0.000215
0.000219
0.000216
0.000214
0.000215
0.000214
0.000215
0.000216
0.000215
0.000216
0.000217
0.000215
0.000214
0.000214
0.000215
0.000214
0.000254
0.000231
0.000216
0.000215
0.000215
0.000216
0.000214
0.000214
0.000214
0.000219
0.000215
0.000215
0.000215
0.000215
0.000216
0.000215
0.000216
0.000252
0.000216
0.000216
0.000215
0.000216
0.000215
0.000214
0.000215
0.000218
0.000215
0.000214
0.000214
0.000214
0.000219
0.000216
0.000214
0.000216
0.000253
0.000217
0.000214
0.000215
0.000215
0.000215
0.000215
0.000217
0.000216
0.000219
0.000215
0.000248
0.000216
0.000214
0.000216
0.000217
0.000216
0.000253
0.000217
0.000215
0.000214
0.000215
0.000215
0.000219
0.000216
0.000216
0.000214
0.000216
0.000215
0.000215
0.000214
0.000217
0.000215
0.000215
0.000215
0.000215
0.000214
0.000308
0.000403
0.000219
0.000221
0.000217
0.000215
0.000215
0.000215
0.000215
0.000214
0.000217
0.000215
0.000291
0.000215
0.000215
0.000216
0.000214
0.000214
0.000217
0.000215
0.000216
0.000216
0.000215
0.000215
0.000215
0.000215
0.000216
0.000216
0.000215
0.000214
0.000229
0.000218
0.000217
0.000218
0.000218
0.000216
0.000215
0.000214
0.000216
0.000217
0.000218
0.000216
0.000324
0.000216
0.000216
0.000215
0.000268
0.00046
0.000255
0.000215
0.000213
0.000213
0.000213
0.000213
0.000212
0.000209
0.00021
0.000211
0.000246
0.00021
0.00021
0.00021
0.00021
0.00021
0.00021
0.000283
0.000211
0.000498
0.000285
0.000214
0.000213
0.000211
0.000211
0.000211
0.000224
0.00021
0.00021
0.00021
0.000209
0.000211
0.000209
0.000212
0.00021
0.000211
0.000211
0.00021
0.000209
0.00021
0.000434
0.000212
0.000214
0.000211
0.000217
0.000216
0.000215
0.000216
0.000302
0.000217
0.000217
0.000216
0.000215
0.000215
0.000215
0.000216
0.000216
0.000215
0.000216
0.000216
0.000344
0.000233
0.000223
0.000221
0.00022
0.00022
0.000222
0.000221
0.000219
0.000219
0.00022
0.000219
0.000219
0.00022
0.00022
0.00022
0.000219
0.000218
0.00022
0.000219
0.00022
0.000357
0.000234
0.000217
0.000206
0.000205
0.000205
0.000205
0.000204
0.000212
0.000232
0.000222
0.000222
0.00022
0.00022
0.00022
0.000219
0.00022
0.000223
0.00022
0.000219
0.000362
0.000292
0.000222
0.000221
0.00022
0.000221
0.000222
0.00022
0.000219
0.000219
0.000219
0.000221
0.00022
0.00022
0.000219
0.000221
0.000218
0.00022
0.000219
0.00022
0.000219
0.000503
0.000228
0.000223
0.000221
0.000221
0.00022
0.000221
0.000219
0.000219
0.00022
0.00022
0.000219
0.00022
0.000219
0.000219
0.00022
0.000218
0.00022
0.000219
0.000219
0.000277
0.000293
0.000222
0.000218
0.000217
0.00028
0.000216
0.000216
0.000215
0.000219
0.000215
0.000214
0.000215
0.000215
0.000216
0.000215
0.000215
0.000213
0.000214
0.000214
0.00043
0.00032
0.000394
0.000233
0.000225
0.000295
0.000276
0.000223
0.000401
0.000242
0.000276
0.000227
0.000232
0.000222
0.00033
0.000223
0.000282
0.000224
0.000223
0.000246
0.00026
0.000287
0.000309
0.000302
0.000255
0.000228
0.000225
0.000221
0.000222
0.000346
0.000254
0.00023
0.00023
0.000229
0.000262
0.000228
0.000227
0.000227
0.000227
0.000227
0.000226
0.000225
0.000228
0.000259
0.000239
0.000277
0.000231
0.000223
0.000223
0.000221
0.000224
0.000222
0.000223
0.000222
0.000226
0.000226
0.000295
0.000216
0.000215
0.000215
0.000219
0.000311
0.00032
0.000238
0.000224
0.000223
0.000222
0.000222
0.00022
0.00022
0.00022
0.000221
0.000221
0.000222
0.00022
0.00022
0.00022
0.000219
0.000219
0.000219
0.000219
0.000316
0.00022
0.00022
0.000219
0.000219
0.00022
0.000219
0.00022
0.000219
0.00022
0.00022
0.00022
0.000218
0.000218
0.000218
0.000219
0.000239
0.00022
0.000321
0.000218
0.000223
0.000219
0.000219
0.000219
0.000218
0.000221
0.000219
0.000218
0.000219
0.000267
0.00022
0.000219
0.000219
0.000219
0.000219
0.00022
0.000293
0.000221
0.000221
0.000219
0.000219
0.00022
0.000218
0.00022
0.000219
0.00022
0.000221
0.000221
0.000218
0.000218
0.000219
0.000219
0.000219
0.000213
0.000213
0.000213
0.000213
0.000212
0.000215
0.000213
0.000213
0.000214
0.000213
0.000213
0.000212
0.000213
0.000214
0.000213
0.000213
0.000213
0.000289
0.000214
0.000213
0.000213
0.000214
0.000281
0.000213
0.000213
0.000214
0.000214
0.000214
0.000213
0.000213
0.000213
0.000212
0.000213
0.000213
0.000214
0.000214
0.000212
0.000215
0.000213
0.000213
0.000324
0.000214
0.000214
0.000215
0.000213
0.000213
0.000213
0.000214
0.000216
0.000214
0.000213
0.000212
0.000217
0.000214
0.000213
0.000212
0.000212
0.000214
0.000212
0.000213
0.000214
0.000214
0.000216
0.000213
0.000215
0.000213
0.000212
0.000213
0.000212
0.000216
0.000213
0.000269
0.000214
0.000214
0.000217
0.000212
0.000212
0.000213
0.000212
0.000213
0.000212
0.000213
0.000213
0.000214
0.000212
0.000213
0.000212
0.000213
0.000213
0.000212
0.000213
0.000212
0.00022
0.000213
0.000213
0.000213
0.000213
0.000214
0.000213
0.000269
0.000214
0.000213
0.000214
0.000214
0.000212
0.000213
0.00028
0.000214
0.000214
0.000212
0.000214
0.000213
0.000214
0.000213
0.000213
0.000213
0.000212
0.000214
0.000214
0.000213
0.000214
0.000212
0.000213
0.000246
0.000213
0.000213
0.000268
0.000214
0.000214
0.000266
0.000213
0.000213
0.000216
0.000213
0.000213
0.000213
0.000214
0.000214
0.000213
0.000214
0.00028
0.000213
0.000214
0.000214
0.000213
0.000213
0.000213
0.000213
0.000281
0.000213
0.000215
0.000212
0.000213
0.000213
0.000227
0.000216
0.000213
0.000284
0.000213
0.000214
0.000213
0.000212
0.000212
0.000211
0.000212
0.000212
0.000211
0.000211
0.000214
0.000212
0.000212
0.000211
0.000211
0.000211
0.000281
0.000211
0.000211
0.000212
0.000321
0.000211
0.000214
0.000214
0.000209
0.00021
0.000209
0.00021
0.000211
0.00026
0.00021
0.00021
0.00021
0.00021
0.000211
0.00021
0.00021
0.00021
0.00021
0.000211
0.00021
0.000211
0.00021
0.00021
0.00021
0.000209
0.00021
0.00021
0.000209
0.00021
0.00021
0.00021
0.00021
0.00021
0.000211
0.00021
0.000209
0.000209
0.00021
0.000212
0.000211
0.00021
0.000211
0.000312
0.00021
0.000209
0.000209
0.00021
0.000211
0.000209
0.00021
0.000224
0.00021
0.000209
0.00021
0.000211
0.00021
0.000212
0.000209
0.000209
0.000243
0.000209
0.000209
0.00021
0.00021
0.000209
0.000209
0.00021
0.000331
0.000373
0.000256
0.000219
0.000214
0.000215
0.000213
0.000214
0.000213
0.000214
0.000215
0.000215
0.000213
0.000213
0.000243
0.000203
0.000202
0.000199
0.000199
0.000237
0.00052
0.00027
0.000216
0.000247
0.000214
0.00021
0.000209
0.00021
0.000211
0.000211
0.000209
0.000208
0.00021
0.000209
0.000209
0.000208
0.000208
0.000208
0.000213
0.000208
0.000383
0.000243
0.000209
0.000209
0.000209
0.000208
0.000208
0.00021
0.000207
0.000208
0.00021
0.000209
0.000209
0.000242
0.000208
0.000208
0.000208
0.000208
0.000211
0.000208
0.000212
0.000412
0.000535
0.000542
0.000272
0.000339
0.000242
0.000224
0.000221
0.000225
0.000221
0.000219
0.00022
0.000219
0.000221
0.000254
0.000219
0.000357
0.000348
0.000376
0.000298
0.000382
0.000228
0.00022
0.000217
0.000219
0.000218
0.000217
0.000218
0.000217
0.000216
0.000216
0.000218
0.000216
0.000232
0.000244
0.000306
0.000241
0.000226
0.000221
0.000226
0.000224
0.000222
0.000222
0.00022
0.000222
0.000223
0.000221
0.000221
0.000223
0.000221
0.00022
0.000219
0.000221
0.00022
0.000291
0.000269
0.000243
0.000238
0.000228
0.000229
0.000228
0.000232
0.000228
0.000226
0.000229
0.000228
0.000228
0.000227
0.000227
0.000227
0.000227
0.000226
0.000226
0.000225
0.000228
0.000309
0.000242
0.00025
0.000225
0.000228
0.000302
0.000231
0.000224
0.000223
0.000223
0.000224
0.000223
0.000222
0.000225
0.000222
0.000222
0.000222
0.000222
0.000222
0.000221
0.000272
0.00025
0.000255
0.000287
0.000238
0.000228
0.000225
0.000225
0.000224
0.000224
0.000228
0.000225
0.000223
0.000224
0.000223
0.000224
0.000222
0.000222
0.000222
0.000222
0.000266
0.000282
0.000238
0.000228
0.000224
0.000239
0.000283
0.000236
0.00023
0.00023
0.000228
0.000228
0.000228
0.000229
0.00023
0.000229
0.000228
0.00023
0.00023
0.000228
0.000253
0.00028
0.000242
0.000234
0.000227
0.000231
0.000227
0.000225
0.000225
0.000225
0.000227
0.000229
0.000226
0.000226
0.000226
0.000226
0.00023
0.000225
0.000225
0.000225
0.000226
0.000316
0.000244
0.000233
0.000229
0.00023
0.00023
0.00023
0.000226
0.00023
0.000225
0.000225
0.000225
0.000231
0.00023
0.000226
0.000225
0.000226
0.000224
0.000225
0.000225
0.000335
0.000257
0.000241
0.00023
0.000235
0.000227
0.000228
0.000227
0.000225
0.000227
0.000227
0.000225
0.000225
0.000224
0.000225
0.000226
0.000224
0.000226
0.000224
0.000227
0.000326
0.000276
0.000234
0.00023
0.000229
0.000228
0.000228
0.000228
0.000228
0.000228
0.000226
0.000226
0.000227
0.000227
0.000238
0.000221
0.000221
0.000221
0.00022
0.000221
0.000345
0.000554
0.000354
0.000242
0.000223
0.000217
0.000217
0.000215
0.000217
0.000215
0.000217
0.000216
0.000215
0.000215
0.00025
0.000214
0.000221
0.000215
0.000215
0.000222
0.00026
0.000269
0.00024
0.000232
0.00023
0.000228
0.000229
0.000229
0.000229
0.000231
0.000243
0.000229
0.000228
0.00023
0.000228
0.000227
0.000228
0.00023
0.000227
0.000228
0.000323
0.000259
0.000239
0.000229
0.000257
0.000232
0.000223
0.000222
0.000222
0.000221
0.000223
0.00022
0.00022
0.00022
0.000221
0.000221
0.00022
0.000223
0.000225
0.000222
0.000298
0.00027
0.000252
0.000239
0.000226
0.000234
0.000223
0.000224
0.000223
0.000231
0.000217
0.000325
0.000244
0.000229
0.000224
0.000222
0.000223
0.000222
0.000222
0.000223
0.00045
0.000413
0.000277
0.000222
0.000219
0.000217
0.000252
0.000217
0.000216
0.000216
0.000217
0.000217
0.000216
0.00023
0.000221
0.000222
0.000222
0.000222
0.000221
0.000224
0.000281
0.000251
0.000234
0.000229
0.00023
0.000229
0.000228
0.000228
0.000228
0.000227
0.000228
0.000285
0.000242
0.000235
0.000229
0.000229
0.000228
0.000228
0.000229
0.000224
0.000373
0.00039
0.000385
0.000229
0.000234
0.000232
0.000229
0.000231
0.000229
0.000228
0.00023
0.000228
0.000228
0.000227
0.000228
0.000229
0.000222
0.000221
0.000368
0.00046
0.000284
0.000233
0.00023
0.000229
0.00023
0.000228
0.000228
0.00023
0.000232
0.000227
0.000228
0.000229
0.000228
0.000229
0.000228
0.00023
0.000229
0.000293
0.000248
0.000231
0.000228
0.000224
0.000221
0.000314
0.000241
0.00023
0.000229
0.000226
0.000228
0.000228
0.000228
0.000227
0.000226
0.000227
0.000226
0.000227
0.000227
0.000233
0.00025
0.000236
0.000231
0.000223
0.000222
0.000221
0.000221
0.000223
0.00022
0.000222
0.000223
0.000221
0.000221
0.00022
0.000278
0.000228
0.000222
0.00022
0.00022
0.000299
0.000352
0.000401
0.000339
0.00026
0.00032
0.000225
0.000222
0.000223
0.000223
0.000222
0.000221
0.000222
0.000222
0.000222
0.000221
0.000216
0.000232
0.000222
0.000253
0.000254
0.000236
0.000232
0.00023
0.000232
0.000228
0.000228
0.000231
0.000229
0.000227
0.000226
0.000229
0.000227
0.000227
0.000227
0.00023
0.00023
0.000227
0.000227
0.000239
0.000288
0.000237
0.000229
0.000224
0.000223
0.000222
0.000225
0.00022
0.000221
0.000224
0.000222
0.00022
0.000222
0.000221
0.000221
0.000221
0.00022
0.000221
0.000228
0.000223
0.000261
0.000263
0.000238
0.000233
0.00023
0.00023
0.000229
0.00023
0.000241
0.000223
0.000224
0.000228
0.000225
0.000223
0.000224
0.000223
0.000222
0.000337
0.000294
0.000226
0.000325
0.000442
0.000395
0.000283
0.00031
0.000223
0.000218
0.000218
0.000217
0.000219
0.000217
0.000234
0.000222
0.000222
0.000223
0.000223
0.000222
0.000221
0.000323
0.000242
0.000232
0.000229
0.000227
0.000228
0.000229
0.000228
0.000228
0.000227
0.000227
0.000226
0.000227
0.000228
0.000228
0.000228
0.000226
0.000225
0.000226
0.000235
0.000348
0.000409
0.000334
0.000252
0.000373
0.000224
0.00022
0.000219
0.000218
0.000218
0.000218
0.000219
0.000321
0.000218
0.000217
0.000219
0.000218
0.000221
0.000512
0.000565
0.000236
0.000225
0.000222
0.000221
0.00022
0.000219
0.000223
0.000221
0.00022
0.000221
0.00022
0.00022
0.00022
0.00022
0.00022
0.000219
0.000219
0.00037
0.000251
0.000252
0.000274
0.000276
0.000229
0.000226
0.000222
0.000221
0.00022
0.00022
0.00022
0.00022
0.00022
0.000221
0.00022
0.000221
0.00024
0.000227
0.000224
0.000247
0.000241
0.000229
0.000228
0.000223
0.000222
0.000232
0.000221
0.000221
0.000221
0.000221
0.00022
0.000222
0.000236
0.000215
0.000215
0.000215
0.000214
0.000214
0.000214
0.000352
0.000364
0.0003
0.00022
0.000219
0.00022
0.000257
0.000217
0.000217
0.000216
0.000215
0.000216
0.000215
0.000215
0.000216
0.000216
0.000244
0.000226
0.000223
0.000222
0.000366
0.000457
0.000286
0.000223
0.00022
0.000219
0.00022
0.00022
0.00022
0.000219
0.00026
0.00022
0.000221
0.000219
0.000219
0.00022
0.000219
0.00022
0.000217
0.000354
0.000433
0.000239
0.000247
0.000289
0.000232
0.000226
0.000224
0.000223
0.000221
0.000221
0.000221
0.00022
0.00022
0.000221
0.000222
0.00022
0.000221
0.000226
0.000258
0.000259
0.000236
0.000229
0.000229
0.000231
0.000235
0.000227
0.000225
0.000227
0.000227
0.000225
0.000226
0.000225
0.000229
0.000226
0.000225
0.000225
0.000225
0.000227
0.000269
0.000272
0.000237
0.000231
0.000227
0.000227
0.000265
0.000233
0.000226
0.000223
0.000225
0.000223
0.000222
0.000223
0.000216
0.000216
0.000217
0.000216
0.000216
0.000215
0.000215
0.000302
0.000507
0.000302
0.000225
0.000226
0.000223
0.000221
0.000222
0.000224
0.000223
0.000222
0.000223
0.000221
0.000223
0.000221
0.000221
0.000223
0.000222
0.000222
0.000399
0.000399
0.000261
0.000225
0.000219
0.000219
0.000218
0.000221
0.00022
0.00022
0.000218
0.000217
0.000217
0.000217
0.000217
0.000217
0.000218
0.000217
0.000218
0.000218
0.000331
0.000432
0.000234
0.000287
0.000262
0.000232
0.000227
0.000226
0.000226
0.000223
0.000224
0.000225
0.000223
0.000224
0.000227
0.000269
0.000226
0.00025
0.000349
0.000257
0.000229
0.000227
0.000223
0.000224
0.000222
0.000222
0.000222
0.000223
0.000223
0.00023
0.000222
0.000223
0.000222
0.000222
0.000221
0.000221
0.000221
0.000223
0.00029
0.000284
0.000239
0.000239
0.000227
0.000223
0.000224
0.000222
0.000222
0.000223
0.000223
0.000222
0.000222
0.000234
0.000216
0.000215
0.000218
0.000216
0.000216
0.000217
0.000242
0.000326
0.000435
0.000259
0.000218
0.000219
0.000215
0.000215
0.000217
0.000214
0.000214
0.000214
0.000237
0.000286
0.000245
0.000226
0.000221
0.000222
0.000239
0.000226
0.000227
0.000279
0.000238
0.000227
0.000281
0.000243
0.000229
0.000224
0.000225
0.000224
0.000223
0.000224
0.000223
0.000223
0.000223
0.000224
0.000229
0.000223
0.000221
0.000223
0.000329
0.00033
0.000239
0.00023
0.000226
0.000228
0.000227
0.000225
0.000225
0.000226
0.000226
0.000228
0.000229
0.000226
0.000227
0.000225
0.000226
0.000224
0.000225
0.000226
0.000258
0.00027
0.000237
0.000235
0.000227
0.000228
0.000278
0.00023
0.000223
0.000223
0.000222
0.00022
0.000222
0.000221
0.00022
0.00022
0.00022
0.000221
0.00022
0.00022
0.000226
0.000313
0.000246
0.000235
0.000229
0.000231
0.000228
0.000244
0.000228
0.000225
0.000227
0.000226
0.000228
0.000225
0.000221
0.00022
0.000243
0.000222
0.000219
0.000219
0.000294
0.000318
0.000402
0.000296
0.000254
0.000227
0.000226
0.000223
0.000224
0.000223
0.00024
0.000216
0.000216
0.000216
0.000216
0.000216
0.000216
0.000234
0.000223
0.000222
0.000283
0.000241
0.000232
0.00023
0.000229
0.000231
0.000228
0.000228
0.000229
0.000229
0.000227
0.000227
0.000227
0.000228
0.000229
0.000227
0.000231
0.000232
0.000228
0.000228
0.000289
0.000255
0.000269
0.000243
0.000231
0.000229
0.000229
0.00023
0.000229
0.000228
0.000227
0.00023
0.00023
0.000228
0.000229
0.000228
0.000227
0.000226
0.000227
0.000229
0.000293
0.000258
0.000237
0.000227
0.000224
0.000225
0.000223
0.000223
0.000216
0.000217
0.000265
0.000217
0.000216
0.000217
0.000218
0.000217
0.000217
0.000216
0.000257
0.000255
0.00034
0.000471
0.00039
0.000246
0.000295
0.000225
0.000223
0.000223
0.000223
0.000222
0.000222
0.000222
0.000225
0.000221
0.000222
0.000222
0.000222
0.000223
0.000293
0.000273
0.000231
0.000226
0.000223
0.000222
0.000222
0.000222
0.000222
0.000222
0.00022
0.00022
0.000221
0.00022
0.00022
0.000223
0.000223
0.000219
0.00022
0.000213
0.000274
0.000253
0.000209
0.000208
0.000205
0.000208
0.000206
0.000205
0.000206
0.000204
0.000205
0.000206
0.000306
0.000317
0.000317
0.000252
0.000468
0.000347
0.000231
0.00023
0.000227
0.00024
0.000225
0.000225
0.000227
0.000223
0.000222
0.000223
0.000223
0.000222
0.000223
0.000223
0.000358
0.000244
0.000234
0.00023
0.000231
0.000228
0.000228
0.000305
0.000259
0.000239
0.000232
0.000233
0.000287
0.00024
0.000229
0.000227
0.000227
0.000227
0.00023
0.000227
0.000224
0.000227
0.000228
0.000225
0.000225
0.000225
0.00023
0.000373
0.000271
0.00029
0.00025
0.000235
0.00023
0.000228
0.000228
0.000227
0.000228
0.000232
0.00023
0.00024
0.000221
0.000265
0.000221
0.000222
0.000221
0.000221
0.00022
0.000398
0.000237
0.000222
0.000217
0.000216
0.000216
0.000217
0.000215
0.000214
0.000214
0.0004
0.000237
0.000224
0.000221
0.000222
0.000248
0.000229
0.000469
0.000228
0.000418
0.000225
0.000218
0.000216
0.000215
0.000217
0.000215
0.000214
0.000215
0.000214
0.000218
0.000214
0.000214
0.000214
0.000215
0.000213
0.000214
0.000214
0.000215
0.000292
0.000411
0.000233
0.000229
0.000225
0.000223
0.000234
0.000224
0.000223
0.00022
0.00022
0.00022
0.000222
0.000221
0.000219
0.00022
0.000219
0.000221
0.000219
0.000219
0.00022
0.000309
0.000239
0.000229
0.000225
0.000224
0.000232
0.000224
0.000222
0.000221
0.000217
0.000241
0.000227
0.000224
0.000224
0.000226
0.000223
0.000222
0.000225
0.000223
0.000222
0.000439
0.000302
0.000228
0.000224
0.000223
0.000221
0.000222
0.000222
0.000222
0.000221
0.00022
0.000223
0.000219
0.00022
0.00022
0.000219
0.000222
0.000219
0.000218
0.000219
0.000248
0.00037
0.000243
0.000229
0.000225
0.000227
0.000224
0.000223
0.000223
0.000225
0.000224
0.000222
0.000223
0.000223
0.000225
0.000224
0.000227
0.000224
0.000223
0.000221
0.000222
0.00037
0.00024
0.000223
0.000218
0.000216
0.000215
0.000216
0.000215
0.000215
0.000215
0.000215
0.000214
0.000214
0.000215
0.000215
0.000215
0.000214
0.000213
0.000214
0.000214
0.000218
0.000344
0.000232
0.000221
0.000221
0.000218
0.00022
0.000252
0.000217
0.000216
0.000216
0.000215
0.000216
0.000219
0.000216
0.000215
0.000216
0.000216
0.000216
0.000215
0.000215
0.000366
0.000433
0.000331
0.000327
0.000409
0.000398
0.000301
0.000413
0.000402
0.000416
0.000323
0.000404
0.00034
0.00038
0.000368
0.000501
0.000332
0.00024
0.000325
0.000345
0.000336
0.000273
0.000287
0.000237
0.000229
0.000229
0.000294
0.000243
0.000225
0.000227
0.000225
0.000223
0.000226
0.000223
0.000223
0.000222
0.000222
0.000255
0.000341
0.000307
0.000243
0.000235
0.000229
0.000245
0.000228
0.000294
0.00031
0.000233
0.000271
0.000335
0.000285
0.000264
0.000235
0.000228
0.000398
0.000248
0.000231
0.000269
0.000247
0.000237
0.000232
0.000232
0.000297
0.000254
0.000233
0.00023
0.000231
0.00023
0.000229
0.000231
0.00023
0.00023
0.00023
0.000229
0.000231
0.000319
0.000247
0.000232
0.000312
0.000235
0.00023
0.000286
0.000275
0.000235
0.00023
0.000229
0.000292
0.000236
0.00023
0.000227
0.00026
0.000222
0.000219
0.000221
0.000218
0.000218
0.000217
0.000217
0.000231
0.000217
0.000217
0.000298
0.000228
0.000223
0.000223
0.000264
0.000221
0.00022
0.000222
0.000219
0.000221
0.000255
0.000273
0.000244
0.000272
0.000392
0.000277
0.000282
0.000227
0.000221
0.00022
0.00022
0.000219
0.000215
0.000258
0.000216
0.000218
0.000216
0.000216
0.000215
0.000217
0.00093
0.00024
0.00023
0.000242
0.00023
0.000233
0.000234
0.000232
0.000236
0.00023
0.000228
0.000228
0.000227
0.000244
0.000229
0.000228
0.00023
0.00023
0.000227
0.000228
0.000228
0.000227
0.000227
0.000227
0.00023
0.000229
0.000231
0.000227
0.000228
0.000229
0.00023
0.000227
0.000229
0.000229
0.000228
0.000227
0.000226
0.000229
0.000229
0.000228
0.000228
0.000228
0.000228
0.000227
0.000228
0.000228
0.000229
0.000227
0.000232
0.000231
0.00023
0.000228
0.000233
0.00023
0.000227
0.000301
0.000218
0.001446
0.000661
0.000589
0.000328
0.000241
0.000223
0.000223
0.000223
0.000309
0.000303
0.000421
0.00042
0.000418
0.000352
0.00035
0.000306
0.000355
0.00033
0.0003
0.000298
0.000349
0.0003
0.0003
0.000297
0.000299
0.000309
0.000299
0.000299
0.000298
0.000317
0.00026
0.000263
0.000261
0.00026
0.000261
0.000261
0.000261
0.00026
0.000267
0.000261
0.000263
0.000259
0.000261
0.000225
0.000225
0.000226
0.000226
0.000224
0.000225
0.000226
0.000225
0.000225
0.000219
0.000219
0.00022
0.000219
0.000219
0.000221
0.00022
0.000219
0.000219
0.000218
0.000221
0.000239
0.000219
0.000219
0.000218
0.000218
0.000219
0.000219
0.000218
0.000221
0.000219
0.000219
0.00022
0.00022
0.000306
0.00022
0.000219
0.000219
0.000221
0.000218
0.000219
0.000219
0.000219
0.000219
0.000219
0.000218
0.000218
0.000222
0.000258
0.000219
0.000219
0.00022
0.000219
0.000219
0.000218
0.000218
0.000219
0.000218
0.00022
0.000219
0.000257
0.000218
0.000301
0.00022
0.000218
0.000219
0.000218
0.000219
0.000219
0.000221
0.000219
0.000221
0.00022
0.000218
0.00022
0.000219
0.000217
0.000218
0.000225
0.00022
0.000219
0.00022
0.00024
0.00022
0.000219
0.000219
0.000219
0.000293
0.000219
0.000222
0.000219
0.000218
0.000219
0.000255
0.000219
0.000363
0.000296
0.00022
0.000219
0.00022
0.000219
0.000218
0.000219
0.000225
0.000223
0.000221
0.000218
0.000219
0.000235
0.00022
0.000219
0.00022
0.00022
0.000354
0.000238
0.000232
0.000229
0.000229
0.00023
0.000229
0.000228
0.000227
0.000296
0.000231
0.000229
0.000228
0.000228
0.00032
0.000228
0.000228
0.000228
0.000228
0.000228
0.000262
0.000228
0.000228
0.000231
0.000342
0.000226
0.000227
0.000228
0.000226
0.000226
0.000226
0.000226
0.000228
0.000226
0.000228
0.000227
0.000226
0.000227
0.000226
0.000245
0.000225
0.000226
0.000227
0.000226
0.000226
0.000225
0.000226
0.000225
0.000225
0.000225
0.000227
0.000279
0.000259
0.000258
0.000304
0.000251
0.000214
0.000248
0.000213
0.000212
0.000212
0.000213
0.000211
0.000212
0.000213
0.000212
0.000211
0.000211
0.000243
0.000212
0.000212
0.000211
0.000213
0.000211
0.000211
0.000211
0.000211
0.000212
0.000211
0.000251
0.000213
0.000212
0.000209
0.00021
0.00021
0.000225
0.000212
0.00021
0.00021
0.000211
0.00021
0.000209
0.00021
0.000211
0.000209
0.00021
0.00021
0.000211
0.00021
0.000209
0.00021
0.00021
0.00028
0.000211
0.00021
0.000209
0.000209
0.000209
0.000209
0.00021
0.000215
0.000319
0.000212
0.00021
0.000209
0.000209
0.00021
0.00021
0.00021
0.000248
0.000211
0.000211
0.000209
0.000263
0.00021
0.000209
0.000209
0.00021
0.00021
0.00021
0.00021
0.000209
0.00021
0.000211
0.00021
0.000211
0.000279
0.000209
0.000212
0.000209
0.000209
0.000211
0.000209
0.000209
0.00021
0.000297
0.000209
0.000209
0.000209
0.000211
0.00021
0.000209
0.000211
0.000209
0.00021
0.000209
0.00021
0.000333
0.000565
0.000248
0.000211
0.000214
0.00021
0.000211
0.00021
0.00021
0.000209
0.000209
0.000235
0.00021
0.000212
0.000212
0.00021
0.00021
0.00021
0.000209
0.00021
0.000211
0.000548
0.00027
0.000222
0.000217
0.000217
0.000286
0.000216
0.000216
0.000218
0.000231
0.000215
0.000215
0.000216
0.000216
0.000215
0.000215
0.000217
0.000216
0.000284
0.00026
0.000388
0.000223
0.000217
0.000218
0.000215
0.000215
0.000215
0.000215
0.000214
0.000213
0.000214
