-3.2469492281392784427396236424101516604423522949218750000000000000e+00
-3.2423081666383666288311360403895378112792968750000000000000000000e+00
-3.2378855693188808295701619499595835804939270019531250000000000000e+00
-3.2336605863320642129110638052225112915039062500000000000000000000e+00
-3.2296179343029760566707864199997857213020324707031250000000000000e+00
-3.2257447547290190037472257245099171996116638183593750000000000000e+00
-3.2220296370099958949140273034572601318359375000000000000000000000e+00
-3.2184622325444487422885231353575363755226135253906250000000000000e+00
-3.2150330662685822069590813043760135769844055175781250000000000000e+00
-3.2117334243911579427788183238590136170387268066406250000000000000e+00
-3.2085552752890138528130137274274602532386779785156250000000000000e+00
-3.2054912066546488169649364863289520144462585449218750000000000000e+00
-3.2025343717244800778587432432686910033226013183593750000000000000e+00
-3.1996784413452501460994881199439987540245056152343750000000000000e+00
-3.1969175603111525951760540920076891779899597167968750000000000000e+00
-3.1942463071416113962186500430107116699218750000000000000000000000e+00
-3.1916596567952995044947783753741532564163208007812500000000000000e+00
-3.1891529459526375411826393246883526444435119628906250000000000000e+00
-3.1867218405447528262186551728518679738044738769531250000000000000e+00
-3.1843623052050848976080033025937154889106750488281250000000000000e+00
-3.1820705742885828648525148310000076889991760253906250000000000000e+00
-3.1798431304806982211630383972078561782836914062500000000000000000e+00
-3.1776767282500650857457458187127485871315002441406250000000000000e+00
-3.1755684071139751445400634111138060688972473144531250000000000000e+00
-3.1735154574728401399852373288013041019439697265625000000000000000e+00
-3.1715153936638151854765510506695136427879333496093750000000000000e+00
-3.1695659328667038501237129821674898266792297363281250000000000000e+00
-3.1676649789617532526619925192790105938911437988281250000000000000e+00
-3.1658106108144834500706110702594742178916931152343750000000000000e+00
-3.1640006573326004968294000718742609024047851562500000000000000000e+00
-3.1622330809249610261701946001267060637474060058593750000000000000e+00
-3.1605059966277648797472465957980602979660034179687500000000000000e+00
-3.1588176544823660663041664520278573036193847656250000000000000000e+00
-3.1571664246667472397689380159135907888412475585937500000000000000e+00
-3.1555507848503818735252934857271611690521240234375000000000000000e+00
-3.1539693093596179451765237899962812662124633789062500000000000000e+00
-3.1524206598294215453393007919657975435256958007812500000000000000e+00
-3.1509035770848869972837746900040656328201293945312500000000000000e+00
-3.1494168740477461732041319919517263770103454589843750000000000000e+00
-3.1479594295033281881046605121809989213943481445312500000000000000e+00
-3.1465301825946521141474931937409564852714538574218750000000000000e+00
-3.1451281279349392328015255770878866314888000488281250000000000000e+00
-3.1437523112492780086313359788618981838226318359375000000000000000e+00
-3.1424018254716075126964369701454415917396545410156250000000000000e+00
-3.1410758072356443904027401003986597061157226562500000000000000000e+00
-3.1397734337083322841976951167453080415725708007812500000000000000e+00
-3.1384939197225505402855105785420164465904235839843750000000000000e+00
-3.1372365151724213028217036480782553553581237792968750000000000000e+00
-3.1360005026400328276281470607500523328781127929687500000000000000e+00
-3.1347851952268572794935153069673106074333190917968750000000000000e+00
-3.1335899345669231408351151912938803434371948242187500000000000000e+00
-3.1324140890018909999525931198149919509887695312500000000000000000e+00
-3.1312570519008025016205465362872928380966186523437500000000000000e+00
-3.1301182401095051233141930424608290195465087890625000000000000000e+00
-3.1289970925166041837428565486334264278411865234375000000000000000e+00
-3.1278930687244090869114643282955512404441833496093750000000000000e+00
-3.1268056478146659671324414375703781843185424804687500000000000000e+00
-3.1257343272000830403101190313464030623435974121093750000000000000e+00
-3.1246786215536466180253682978218421339988708496093750000000000000e+00
-3.1236380618085752836066149029647931456565856933593750000000000000e+00
-3.1226121942225559813266499986639246344566345214843750000000000000e+00
-3.1216005795005368206318507873220369219779968261718750000000000000e+00
-3.1206027919709309337292779673589393496513366699218750000000000000e+00
-3.1196184188106168555520980589790269732475280761718750000000000000e+00
-3.1186470593145179108773845655377954244613647460937500000000000000e+00
-3.1176883242059836298665231879567727446556091308593750000000000000e+00
-3.1167418349844893121769473509630188345909118652343750000000000000e+00
-3.1158072233075442269978339027147740125656127929687500000000000000e+00
-3.1148841304038796806707978248596191406250000000000000000000000000e+00
-3.1139722065153150332150744361570104956626892089843750000000000000e+00
-3.1130711103648613935490629955893382430076599121093750000000000000e+00
-3.1121805086488043556869342864956706762313842773437500000000000000e+00
-3.1113000755507362882212873955722898244857788085937500000000000000e+00
-3.1104294922755832963900957111036404967308044433593750000000000000e+00
-3.1095684466018593816727388912113383412361145019531250000000000000e+00
-3.1087166324504722503263565158704295754432678222656250000000000000e+00
-3.1078737494685282349848876037867739796638488769531250000000000000e+00
-3.1070395026266575122519952856237068772315979003906250000000000000e+00
-3.1062136018284718375070951879024505615234375000000000000000000000e+00
-3.1053957615308580564317253447370603680610656738281250000000000000e+00
-3.1045857003738306367779387073824182152748107910156250000000000000e+00
-3.1037831408187686044186648359755054116249084472656250000000000000e+00
-3.1029878087938786990207518101669847965240478515625000000000000000e+00
-3.1021994333457652004426563507877290248870849609375000000000000000e+00
-3.1014177462960694775517822563415393233299255371093750000000000000e+00
-3.1006424819020672600800025975331664085388183593750000000000000000e+00
-3.0998733765202337586686098802601918578147888183593750000000000000e+00
-3.0991101682717832055402595869963988661766052246093750000000000000e+00
-3.0983525967090912445200956426560878753662109375000000000000000000e+00
-3.0976004024821057747374197788303717970848083496093750000000000000e+00
-3.0968533270036369131616993399802595376968383789062500000000000000e+00
-3.0961111121125637346551684458972886204719543457031250000000000000e+00
-3.0953734997339306111996393156005069613456726074218750000000000000e+00
-3.0946402315348380263060334982583299279212951660156250000000000000e+00
-3.0939110485751015744426695164293050765991210937500000000000000000e+00
-3.0931856909515240694474869087571278214454650878906250000000000000e+00
-3.0924638974346598807585451140766963362693786621093750000000000000e+00
-3.0917454050968737888638315780553966760635375976562500000000000000e+00
-3.0910299489329173816543061548145487904548645019531250000000000000e+00
-3.0903172632467357239249849953921511769294738769531250000000000000e+00
-3.0896137672528367623669964814325794577598571777343750000000000000e+00
-3.0889257516108923340425462811253964900970458984375000000000000000e+00
-3.0882527290459016455770324682816863059997558593750000000000000000e+00
-3.0875942321477927166029076033737510442733764648437500000000000000e+00
-3.0869498123805318989809620688902214169502258300781250000000000000e+00
-3.0863190391495285425094152742531150579452514648437500000000000000e+00
-3.0857014989233828572423590230755507946014404296875000000000000000e+00
-3.0850967944063345527183628291822969913482666015625000000000000000e+00
-3.0845045437580682623490702098933979868888854980468750000000000000e+00
-3.0839243798577373745217755640624091029167175292968750000000000000e+00
-3.0833559496093339014066714298678562045097351074218750000000000000e+00
-3.0827989132857420706557149969739839434623718261718750000000000000e+00
-3.0822529439089869640611141221597790718078613281250000000000000000e+00
-3.0817177266643871469398163753794506192207336425781250000000000000e+00
-3.0811929583464827686611897661350667476654052734375000000000000000e+00
-3.0806783468347420651411994185764342546463012695312500000000000000e+00
-3.0801736105972237211858555383514612913131713867187500000000000000e+00
-3.0796784782204724706389242783188819885253906250000000000000000000e+00
-3.0791926879640478809108117275172844529151916503906250000000000000e+00
-3.0787159873382101693550794152542948722839355468750000000000000000e+00
-3.0782481327033783813362788350787013769149780273437500000000000000e+00
-3.0777888888900561958905655046692118048667907714843750000000000000e+00
-3.0773380288380436375916815450182184576988220214843750000000000000e+00
-3.0768953332537831713011655665468424558639526367187500000000000000e+00
-3.0764605902848196627985544182593002915382385253906250000000000000e+00
-3.0760335952103630141607482073595747351646423339843750000000000000e+00
-3.0756141501470559695974316127831116318702697753906250000000000000e+00
-3.0752020637690811177833438705420121550559997558593750000000000000e+00
-3.0747971510417966278794210666092112660408020019531250000000000000e+00
-3.0743992329681604225299906829604879021644592285156250000000000000e+00
-3.0740081363472251396729006955865770578384399414062500000000000000e+00
-3.0736236935440479633996346819913014769554138183593750000000000000e+00
-3.0732457422703913785255736002000048756599426269531250000000000000e+00
-3.0728741253756326479162908071884885430335998535156250000000000000e+00
-3.0725086906473411119122829404659569263458251953125000000000000000e+00
-3.0721492906209952877816249383613467216491699218750000000000000000e+00
-3.0717957823983703669057376828277483582496643066406250000000000000e+00
-3.0714480274741355891876537498319521546363830566406250000000000000e+00
-3.0711058915702307281492267065914347767829895019531250000000000000e+00
-3.0707692444776295559449863503687083721160888671875000000000000000e+00
-3.0704379599050977134311324334703385829925537109375000000000000000e+00
-3.0701119153346017043304527760483324527740478515625000000000000000e+00
-3.0697909918830248443555319681763648986816406250000000000000000000e+00
-3.0694750741698713092375783162424340844154357910156250000000000000e+00
-3.0691640501906674032284172426443547010421752929687500000000000000e+00
-3.0688578111957696137324091978371143341064453125000000000000000000e+00
-3.0685562515743192157913199480390176177024841308593750000000000000e+00
-3.0682592687430867428588499024044722318649291992187500000000000000e+00
-3.0679667630399745092972807469777762889862060546875000000000000000e+00
-3.0676786376219444818502779526170343160629272460937500000000000000e+00
-3.0673947983671685513229476782726123929023742675781250000000000000e+00
-3.0671151537811933707189382403157651424407958984375000000000000000e+00
-3.0668396149069310219203998713055625557899475097656250000000000000e+00
-3.0665680952383000956729119934607297182083129882812500000000000000e+00
-3.0663005106373422137266970821656286716461181640625000000000000000e+00
-3.0660367792546474596804273460293188691139221191406250000000000000e+00
-3.0657768214529568240322987549006938934326171875000000000000000000e+00
-3.0655205597337653600220619409810751676559448242187500000000000000e+00
-3.0652679186668168043183868576306849718093872070312500000000000000e+00
-3.0650188248223475540044091758318245410919189453125000000000000000e+00
-3.0647732067059525462582314503379166126251220703125000000000000000e+00
-3.0645309946959593538906574394786730408668518066406250000000000000e+00
-3.0642921209832043594190054136561229825019836425781250000000000000e+00
-3.0640565195131004294637477869400754570960998535156250000000000000e+00
-3.0638241259298930607712918572360649704933166503906250000000000000e+00
-3.0635948775230099627719937416259199380874633789062500000000000000e+00
-3.0633687131754241406156324956100434064865112304687500000000000000e+00
-3.0631455733139234531847705511609092354774475097656250000000000000e+00
-3.0629253998612258058642510150093585252761840820312500000000000000e+00
-3.0627081361898524924924913648283109068870544433593750000000000000e+00
-3.0624937270776761977231217315420508384704589843750000000000000000e+00
-3.0622821186650881486457365099340677261352539062500000000000000000e+00
-3.0620732584137142495706029876600950956344604492187500000000000000e+00
-3.0618670950666015961871835315832868218421936035156250000000000000e+00
-3.0616635786098331806215355754829943180084228515625000000000000000e+00
-3.0614626602355019535650626494316384196281433105468750000000000000e+00
-3.0612642923059896205018048931378871202468872070312500000000000000e+00
-3.0610684283194968813290870457421988248825073242187500000000000000e+00
-3.0608750228767798162721192056778818368911743164062500000000000000e+00
-3.0606840316490311337815910519566386938095092773437500000000000000e+00
-3.0604954113468791909724586730590090155601501464843750000000000000e+00
-3.0603091196904435022929646947886794805526733398437500000000000000e+00
-3.0601251153804156501792022027075290679931640625000000000000000000e+00
-3.0599433580701123069900404516374692320823669433593750000000000000e+00
-3.0597638083384879337245365604758262634277343750000000000000000000e+00
-3.0595864276640343248914177820552140474319458007812500000000000000e+00
-3.0594111783995656672630047978600487112998962402343750000000000000e+00
-3.0592380237478296045594561292091384530067443847656250000000000000e+00
-3.0590669277379367585467662138398736715316772460937500000000000000e+00
-3.0588978552025456458807184390025213360786437988281250000000000000e+00
-3.0587307717558185338191378832561895251274108886718750000000000000e+00
-3.0585656437720660782986215053824707865715026855468750000000000000e+00
-3.0584024383651104983528057346120476722717285156250000000000000000e+00
-3.0582411233682820217438802501419559121131896972656250000000000000e+00
-3.0580816673150925666391231061425060033798217773437500000000000000e+00
-3.0579240394204840747249818377895280718803405761718750000000000000e+00
-3.0577682095627087832667712063994258642196655273437500000000000000e+00
-3.0576141482657503978259683208307251334190368652343750000000000000e+00
-3.0574618266823190282366340397857129573822021484375000000000000000e+00
-3.0573112165773639326005195471225306391716003417968750000000000000e+00
